RC-4HC Temperature+Humidity Data Logger;;;
User Information;RC-4HC Data Logger;;
Number;7184400781;;
Interval    ;0:5:0 H:M:S;;
Delay Time;0.0 H;;
Data Sum;2129;;
Temperature Maximum;28.7°C;;
Temperature Minimum;19.2°C;;
Temperature Average;20.5°C;;
Temperature Alarm Upper Limit;60.0°C;;
Temperature Alarm Lower Limit;-30.0°C;;
Humidity Maximum;50.9%RH;;
Humidity Minimum;36.8%RH;;
Humidity Average;46.8%RH;;
Humidity Alarm Upper Limit;90%RH;;
Humidity Alarm Lower Limit;20%RH;;
Start Time;2022-03-03 12:52:21;;
End Time;2022-03-10 22:12:21;;
Date Format;yyyy-MM-dd HH:mm:ss;;
Temperature Unit;°C;;
Number;Time;Temperature°C;Humidity%RH
1;2022-03-03 12:52:21;23.5;43
2;2022-03-03 12:57:21;23.3;42.9
3;2022-03-03 13:02:21;22.1;43.8
4;2022-03-03 13:07:21;21.3;44.8
5;2022-03-03 13:12:21;20.9;45.8
6;2022-03-03 13:17:21;20.6;46.3
7;2022-03-03 13:22:21;20.5;46.8
8;2022-03-03 13:27:21;20.4;46.8
9;2022-03-03 13:32:21;20.3;46.8
10;2022-03-03 13:37:21;20.3;46.8
11;2022-03-03 13:42:21;20.3;46.8
12;2022-03-03 13:47:21;20.3;46.8
13;2022-03-03 13:52:21;20.3;46.8
14;2022-03-03 13:57:21;20.3;46.8
15;2022-03-03 14:02:21;20.3;46.8
16;2022-03-03 14:07:21;20.3;46.8
17;2022-03-03 14:12:21;20.3;47.3
18;2022-03-03 14:17:21;20.3;47.3
19;2022-03-03 14:22:21;20.3;47.3
20;2022-03-03 14:27:21;20.3;47.3
21;2022-03-03 14:32:21;20.4;47.8
22;2022-03-03 14:37:21;20.5;47.8
23;2022-03-03 14:42:21;20.5;47.3
24;2022-03-03 14:47:21;20.6;47.3
25;2022-03-03 14:52:21;20.6;47.9
26;2022-03-03 14:57:21;20.6;47.8
27;2022-03-03 15:02:21;20.6;47.8
28;2022-03-03 15:07:21;20.6;47.8
29;2022-03-03 15:12:21;20.5;47.8
30;2022-03-03 15:17:21;20.5;47.3
31;2022-03-03 15:22:21;20.5;47.8
32;2022-03-03 15:27:21;20.5;47.8
33;2022-03-03 15:32:21;20.5;47.8
34;2022-03-03 15:37:21;20.5;47.3
35;2022-03-03 15:42:21;20.5;47.3
36;2022-03-03 15:47:21;20.5;47.3
37;2022-03-03 15:52:21;20.5;47.8
38;2022-03-03 15:57:21;20.6;47.8
39;2022-03-03 16:02:21;20.6;47.3
40;2022-03-03 16:07:21;20.6;47.3
41;2022-03-03 16:12:21;20.6;47.3
42;2022-03-03 16:17:21;20.6;47.3
43;2022-03-03 16:22:21;20.5;46.8
44;2022-03-03 16:27:21;20.5;46.8
45;2022-03-03 16:32:21;20.5;46.8
46;2022-03-03 16:37:21;20.5;46.8
47;2022-03-03 16:42:21;20.5;46.8
48;2022-03-03 16:47:21;20.5;46.8
49;2022-03-03 16:52:21;20.5;46.8
50;2022-03-03 16:57:21;20.5;46.8
51;2022-03-03 17:02:21;20.6;47.3
52;2022-03-03 17:07:21;20.6;46.8
53;2022-03-03 17:12:21;20.6;46.8
54;2022-03-03 17:17:21;20.6;46.8
55;2022-03-03 17:22:21;20.5;46.8
56;2022-03-03 17:27:21;20.5;46.8
57;2022-03-03 17:32:21;20.5;46.8
58;2022-03-03 17:37:21;20.4;46.3
59;2022-03-03 17:42:21;20.4;46.3
60;2022-03-03 17:47:21;20.4;45.7
61;2022-03-03 17:52:21;20.3;45.7
62;2022-03-03 17:57:21;20.3;45.7
63;2022-03-03 18:02:21;20.3;45.7
64;2022-03-03 18:07:21;20.3;45.7
65;2022-03-03 18:12:21;20.3;45.7
66;2022-03-03 18:17:21;20.3;45.7
67;2022-03-03 18:22:21;20.3;45.7
68;2022-03-03 18:27:21;20.3;45.7
69;2022-03-03 18:32:21;20.2;45.2
70;2022-03-03 18:37:21;20.2;45.2
71;2022-03-03 18:42:21;20.2;45.2
72;2022-03-03 18:47:21;20.1;45.2
73;2022-03-03 18:52:21;20.1;45.2
74;2022-03-03 18:57:21;20.1;44.7
75;2022-03-03 19:02:21;20.1;44.7
76;2022-03-03 19:07:21;20;44.7
77;2022-03-03 19:12:21;20;44.7
78;2022-03-03 19:17:21;20;44.7
79;2022-03-03 19:22:21;20;44.7
80;2022-03-03 19:27:21;19.9;44.7
81;2022-03-03 19:32:21;19.9;44.6
82;2022-03-03 19:37:21;19.9;44.6
83;2022-03-03 19:42:21;19.9;44.6
84;2022-03-03 19:47:21;19.9;44.6
85;2022-03-03 19:52:21;19.9;44.6
86;2022-03-03 19:57:21;19.9;44.6
87;2022-03-03 20:02:21;19.8;44.6
88;2022-03-03 20:07:21;19.8;44.6
89;2022-03-03 20:12:21;19.8;44.6
90;2022-03-03 20:17:21;19.8;44.6
91;2022-03-03 20:22:21;19.8;44.6
92;2022-03-03 20:27:21;19.7;44.6
93;2022-03-03 20:32:21;19.7;44.6
94;2022-03-03 20:37:21;19.7;44.6
95;2022-03-03 20:42:21;19.7;44.6
96;2022-03-03 20:47:21;19.7;44.6
97;2022-03-03 20:52:21;19.8;46.2
98;2022-03-03 20:57:21;19.8;46.7
99;2022-03-03 21:02:21;20;46.7
100;2022-03-03 21:07:21;20;47.3
101;2022-03-03 21:12:21;20;46.7
102;2022-03-03 21:17:21;19.9;46.7
103;2022-03-03 21:22:21;19.9;46.7
104;2022-03-03 21:27:21;19.9;46.2
105;2022-03-03 21:32:21;19.9;47.2
106;2022-03-03 21:37:21;20.1;47.8
107;2022-03-03 21:42:21;20.1;47.8
108;2022-03-03 21:47:21;20.2;47.8
109;2022-03-03 21:52:21;20.2;47.8
110;2022-03-03 21:57:21;20.3;47.8
111;2022-03-03 22:02:21;20.3;47.8
112;2022-03-03 22:07:21;20.3;47.8
113;2022-03-03 22:12:21;20.4;47.8
114;2022-03-03 22:17:21;20.4;47.8
115;2022-03-03 22:22:21;20.4;47.8
116;2022-03-03 22:27:21;20.5;47.8
117;2022-03-03 22:32:21;20.5;47.8
118;2022-03-03 22:37:21;20.5;47.8
119;2022-03-03 22:42:21;20.5;47.8
120;2022-03-03 22:47:21;20.5;47.8
121;2022-03-03 22:52:21;20.6;47.8
122;2022-03-03 22:57:21;20.6;47.8
123;2022-03-03 23:02:21;20.6;47.8
124;2022-03-03 23:07:21;20.6;47.8
125;2022-03-03 23:12:21;20.6;47.8
126;2022-03-03 23:17:21;20.6;47.8
127;2022-03-03 23:22:21;20.7;47.9
128;2022-03-03 23:27:21;20.7;47.9
129;2022-03-03 23:32:21;20.7;47.9
130;2022-03-03 23:37:21;20.7;47.9
131;2022-03-03 23:42:21;20.7;47.9
132;2022-03-03 23:47:21;20.7;47.9
133;2022-03-03 23:52:21;20.7;47.9
134;2022-03-03 23:57:21;20.7;47.9
135;2022-03-04 00:02:21;20.8;47.9
136;2022-03-04 00:07:21;20.8;47.9
137;2022-03-04 00:12:21;20.8;47.9
138;2022-03-04 00:17:21;20.8;47.9
139;2022-03-04 00:22:21;20.8;47.9
140;2022-03-04 00:27:21;20.8;47.9
141;2022-03-04 00:32:21;20.8;47.9
142;2022-03-04 00:37:21;20.8;47.9
143;2022-03-04 00:42:21;20.8;47.9
144;2022-03-04 00:47:21;20.8;47.9
145;2022-03-04 00:52:21;20.8;47.9
146;2022-03-04 00:57:21;20.8;47.9
147;2022-03-04 01:02:21;20.8;47.9
148;2022-03-04 01:07:21;20.9;47.9
149;2022-03-04 01:12:21;20.9;47.9
150;2022-03-04 01:17:21;20.9;47.9
151;2022-03-04 01:22:21;20.9;47.9
152;2022-03-04 01:27:21;20.9;47.9
153;2022-03-04 01:32:21;20.9;47.9
154;2022-03-04 01:37:21;20.9;47.9
155;2022-03-04 01:42:21;20.9;47.9
156;2022-03-04 01:47:21;20.9;47.9
157;2022-03-04 01:52:21;20.9;47.9
158;2022-03-04 01:57:21;20.9;47.9
159;2022-03-04 02:02:21;20.9;47.9
160;2022-03-04 02:07:21;20.9;47.9
161;2022-03-04 02:12:21;20.9;47.9
162;2022-03-04 02:17:21;20.9;47.9
163;2022-03-04 02:22:21;20.9;47.9
164;2022-03-04 02:27:21;20.9;47.9
165;2022-03-04 02:32:21;20.9;47.9
166;2022-03-04 02:37:21;20.9;47.9
167;2022-03-04 02:42:21;20.9;47.9
168;2022-03-04 02:47:21;20.9;47.9
169;2022-03-04 02:52:21;20.9;47.9
170;2022-03-04 02:57:21;20.9;47.9
171;2022-03-04 03:02:21;20.9;47.9
172;2022-03-04 03:07:21;20.9;47.9
173;2022-03-04 03:12:21;20.9;47.9
174;2022-03-04 03:17:21;20.9;47.9
175;2022-03-04 03:22:21;20.9;47.9
176;2022-03-04 03:27:21;20.9;47.9
177;2022-03-04 03:32:21;20.9;47.9
178;2022-03-04 03:37:21;20.9;47.9
179;2022-03-04 03:42:21;20.9;47.9
180;2022-03-04 03:47:21;20.9;47.9
181;2022-03-04 03:52:21;20.9;47.9
182;2022-03-04 03:57:21;20.9;47.9
183;2022-03-04 04:02:21;20.9;47.9
184;2022-03-04 04:07:21;20.9;47.9
185;2022-03-04 04:12:21;20.9;47.9
186;2022-03-04 04:17:21;20.9;47.9
187;2022-03-04 04:22:21;20.9;47.9
188;2022-03-04 04:27:21;20.8;47.9
189;2022-03-04 04:32:21;20.8;47.9
190;2022-03-04 04:37:21;20.8;47.9
191;2022-03-04 04:42:21;20.8;47.9
192;2022-03-04 04:47:21;20.8;47.9
193;2022-03-04 04:52:21;20.8;47.9
194;2022-03-04 04:57:21;20.8;47.9
195;2022-03-04 05:02:21;20.8;47.9
196;2022-03-04 05:07:21;20.8;47.9
197;2022-03-04 05:12:21;20.8;47.9
198;2022-03-04 05:17:21;20.8;47.9
199;2022-03-04 05:22:21;20.8;47.9
200;2022-03-04 05:27:21;20.8;47.9
201;2022-03-04 05:32:21;20.8;47.9
202;2022-03-04 05:37:21;20.8;47.9
203;2022-03-04 05:42:21;20.8;47.9
204;2022-03-04 05:47:21;20.8;47.9
205;2022-03-04 05:52:21;20.8;47.9
206;2022-03-04 05:57:21;20.8;47.9
207;2022-03-04 06:02:21;20.8;47.9
208;2022-03-04 06:07:21;20.8;47.9
209;2022-03-04 06:12:21;20.8;47.9
210;2022-03-04 06:17:21;20.8;47.9
211;2022-03-04 06:22:21;20.8;47.9
212;2022-03-04 06:27:21;20.8;47.9
213;2022-03-04 06:32:21;20.8;47.9
214;2022-03-04 06:37:21;20.8;47.9
215;2022-03-04 06:42:21;20.8;47.9
216;2022-03-04 06:47:21;20.8;47.9
217;2022-03-04 06:52:21;20.8;47.9
218;2022-03-04 06:57:21;20.8;47.9
219;2022-03-04 07:02:21;20.8;47.9
220;2022-03-04 07:07:21;20.8;47.9
221;2022-03-04 07:12:21;20.8;47.9
222;2022-03-04 07:17:21;20.8;47.9
223;2022-03-04 07:22:21;20.8;47.9
224;2022-03-04 07:27:21;20.8;47.9
225;2022-03-04 07:32:21;20.8;47.9
226;2022-03-04 07:37:21;20.8;47.9
227;2022-03-04 07:42:21;20.8;47.9
228;2022-03-04 07:47:21;20.8;47.9
229;2022-03-04 07:52:21;20.8;47.9
230;2022-03-04 07:57:21;20.8;47.9
231;2022-03-04 08:02:21;20.8;47.9
232;2022-03-04 08:07:21;20.7;47.9
233;2022-03-04 08:12:21;20.7;47.9
234;2022-03-04 08:17:21;20.7;47.9
235;2022-03-04 08:22:21;20.7;47.9
236;2022-03-04 08:27:21;20.7;47.9
237;2022-03-04 08:32:21;20.7;47.9
238;2022-03-04 08:37:21;20.7;47.9
239;2022-03-04 08:42:21;20.7;47.9
240;2022-03-04 08:47:21;20.7;48.4
241;2022-03-04 08:52:21;20.7;48.9
242;2022-03-04 08:57:21;20.8;48.9
243;2022-03-04 09:02:21;20.8;49.4
244;2022-03-04 09:07:21;20.8;49.4
245;2022-03-04 09:12:21;20.8;49.4
246;2022-03-04 09:17:21;20.8;49.4
247;2022-03-04 09:22:21;20.8;49.4
248;2022-03-04 09:27:21;20.7;49.4
249;2022-03-04 09:32:21;20.7;49.4
250;2022-03-04 09:37:21;20.7;49.4
251;2022-03-04 09:42:21;20.7;49.4
252;2022-03-04 09:47:21;20.7;49.4
253;2022-03-04 09:52:21;20.8;49.4
254;2022-03-04 09:57:21;20.8;49.4
255;2022-03-04 10:02:21;20.8;49.4
256;2022-03-04 10:07:21;20.8;49.4
257;2022-03-04 10:12:21;20.8;49.9
258;2022-03-04 10:17:21;20.8;49.4
259;2022-03-04 10:22:21;20.8;49.9
260;2022-03-04 10:27:21;20.9;49.4
261;2022-03-04 10:32:21;20.9;49.9
262;2022-03-04 10:37:21;20.9;49.9
263;2022-03-04 10:42:21;20.9;49.9
264;2022-03-04 10:47:21;20.9;49.9
265;2022-03-04 10:52:21;20.9;49.9
266;2022-03-04 10:57:21;20.9;49.9
267;2022-03-04 11:02:21;20.9;49.9
268;2022-03-04 11:07:21;20.9;49.9
269;2022-03-04 11:12:21;21;49.9
270;2022-03-04 11:17:21;21;50.5
271;2022-03-04 11:22:21;20.9;49.9
272;2022-03-04 11:27:21;20.7;49.9
273;2022-03-04 11:32:21;20.6;49.9
274;2022-03-04 11:37:21;20.5;49.9
275;2022-03-04 11:42:21;20.4;49.9
276;2022-03-04 11:47:21;20.4;49.9
277;2022-03-04 11:52:21;20.3;49.9
278;2022-03-04 11:57:21;20.3;49.9
279;2022-03-04 12:02:21;20.3;49.3
280;2022-03-04 12:07:21;20.3;49.9
281;2022-03-04 12:12:21;20.3;49.3
282;2022-03-04 12:17:21;20.2;49.3
283;2022-03-04 12:22:21;20.3;50.9
284;2022-03-04 12:27:21;20.4;50.9
285;2022-03-04 12:32:21;20.3;50.4
286;2022-03-04 12:37:21;20.3;49.9
287;2022-03-04 12:42:21;20.3;49.9
288;2022-03-04 12:47:21;20.2;49.3
289;2022-03-04 12:52:21;20.3;49.8
290;2022-03-04 12:57:21;20.3;50.9
291;2022-03-04 13:02:21;20.4;50.4
292;2022-03-04 13:07:21;20.3;49.9
293;2022-03-04 13:12:21;20.3;49.3
294;2022-03-04 13:17:21;20.3;49.3
295;2022-03-04 13:22:21;20.2;48.8
296;2022-03-04 13:27:21;20.2;48.8
297;2022-03-04 13:32:21;20.2;48.8
298;2022-03-04 13:37:21;20.2;48.8
299;2022-03-04 13:42:21;20.2;48.3
300;2022-03-04 13:47:21;20.2;48.8
301;2022-03-04 13:52:21;20.1;48.3
302;2022-03-04 13:57:21;20.1;48.3
303;2022-03-04 14:02:21;20.1;48.3
304;2022-03-04 14:07:21;20.2;48.3
305;2022-03-04 14:12:21;20.1;48.3
306;2022-03-04 14:17:21;20.2;47.8
307;2022-03-04 14:22:21;20.2;48.8
308;2022-03-04 14:27:21;20.3;48.8
309;2022-03-04 14:32:21;20.3;48.3
310;2022-03-04 14:37:21;20.2;48.3
311;2022-03-04 14:42:21;20.2;47.8
312;2022-03-04 14:47:21;20.2;47.8
313;2022-03-04 14:52:21;20.2;47.8
314;2022-03-04 14:57:21;20.2;47.8
315;2022-03-04 15:02:21;20.3;47.8
316;2022-03-04 15:07:21;20.3;48.3
317;2022-03-04 15:12:21;20.3;48.3
318;2022-03-04 15:17:21;20.3;48.3
319;2022-03-04 15:22:21;20.4;48.3
320;2022-03-04 15:27:21;20.3;48.3
321;2022-03-04 15:32:21;20.4;48.3
322;2022-03-04 15:37:21;20.4;48.9
323;2022-03-04 15:42:21;20.4;48.3
324;2022-03-04 15:47:21;20.5;48.9
325;2022-03-04 15:52:21;20.5;48.9
326;2022-03-04 15:57:21;20.5;48.9
327;2022-03-04 16:02:21;20.5;48.9
328;2022-03-04 16:07:21;20.5;48.9
329;2022-03-04 16:12:21;20.5;48.9
330;2022-03-04 16:17:21;20.5;48.3
331;2022-03-04 16:22:21;20.5;48.3
332;2022-03-04 16:27:21;20.5;48.3
333;2022-03-04 16:32:21;20.5;48.3
334;2022-03-04 16:37:21;20.4;48.3
335;2022-03-04 16:42:21;20.4;47.8
336;2022-03-04 16:47:21;20.4;47.8
337;2022-03-04 16:52:21;20.4;47.8
338;2022-03-04 16:57:21;20.4;47.8
339;2022-03-04 17:02:21;20.4;47.8
340;2022-03-04 17:07:21;20.4;47.8
341;2022-03-04 17:12:21;20.4;47.8
342;2022-03-04 17:17:21;20.4;47.8
343;2022-03-04 17:22:21;20.5;47.8
344;2022-03-04 17:27:21;20.5;47.8
345;2022-03-04 17:32:21;20.4;47.8
346;2022-03-04 17:37:21;20.4;47.8
347;2022-03-04 17:42:21;20.4;47.8
348;2022-03-04 17:47:21;20.4;47.8
349;2022-03-04 17:52:21;20.4;47.8
350;2022-03-04 17:57:21;20.4;47.8
351;2022-03-04 18:02:21;20.3;47.3
352;2022-03-04 18:07:21;20.3;47.3
353;2022-03-04 18:12:21;20.2;46.8
354;2022-03-04 18:17:21;20.2;46.8
355;2022-03-04 18:22:21;20.2;46.8
356;2022-03-04 18:27:21;20.1;46.8
357;2022-03-04 18:32:21;20.1;46.2
358;2022-03-04 18:37:21;20;46.2
359;2022-03-04 18:42:21;20;46.2
360;2022-03-04 18:47:21;20;46.2
361;2022-03-04 18:52:21;19.9;46.2
362;2022-03-04 18:57:21;19.9;45.7
363;2022-03-04 19:02:21;19.9;45.7
364;2022-03-04 19:07:21;19.9;45.7
365;2022-03-04 19:12:21;19.8;45.7
366;2022-03-04 19:17:21;19.8;45.7
367;2022-03-04 19:22:21;19.8;45.7
368;2022-03-04 19:27:21;19.8;45.7
369;2022-03-04 19:32:21;19.8;45.7
370;2022-03-04 19:37:21;19.8;45.1
371;2022-03-04 19:42:21;19.7;45.1
372;2022-03-04 19:47:21;19.7;45.1
373;2022-03-04 19:52:21;19.7;45.1
374;2022-03-04 19:57:21;19.6;44.6
375;2022-03-04 20:02:21;19.6;45.1
376;2022-03-04 20:07:21;19.6;45.1
377;2022-03-04 20:12:21;19.6;45.1
378;2022-03-04 20:17:21;19.6;45.1
379;2022-03-04 20:22:21;19.6;45.6
380;2022-03-04 20:27:21;19.6;45.1
381;2022-03-04 20:32:21;19.6;45.6
382;2022-03-04 20:37:21;19.5;45.1
383;2022-03-04 20:42:21;19.5;45.1
384;2022-03-04 20:47:21;19.4;44.6
385;2022-03-04 20:52:21;19.4;44.6
386;2022-03-04 20:57:21;19.4;45.1
387;2022-03-04 21:02:21;19.4;45.1
388;2022-03-04 21:07:21;19.6;47.2
389;2022-03-04 21:12:21;19.8;47.2
390;2022-03-04 21:17:21;19.8;46.7
391;2022-03-04 21:22:21;19.7;46.7
392;2022-03-04 21:27:21;19.8;48.3
393;2022-03-04 21:32:21;19.9;47.8
394;2022-03-04 21:37:21;19.8;47.7
395;2022-03-04 21:42:21;19.9;48.3
396;2022-03-04 21:47:21;19.9;47.8
397;2022-03-04 21:52:21;19.9;48.8
398;2022-03-04 21:57:21;20.1;48.3
399;2022-03-04 22:02:21;20;48.3
400;2022-03-04 22:07:21;20.1;48.8
401;2022-03-04 22:12:21;20.2;47.8
402;2022-03-04 22:17:21;20.2;47.8
403;2022-03-04 22:22:21;20.3;47.8
404;2022-03-04 22:27:21;20.3;47.8
405;2022-03-04 22:32:21;20.3;47.8
406;2022-03-04 22:37:21;20.3;47.8
407;2022-03-04 22:42:21;20.4;47.8
408;2022-03-04 22:47:21;20.4;47.8
409;2022-03-04 22:52:21;20.4;47.8
410;2022-03-04 22:57:21;20.4;47.8
411;2022-03-04 23:02:21;20.5;47.8
412;2022-03-04 23:07:21;20.5;47.8
413;2022-03-04 23:12:21;20.5;47.8
414;2022-03-04 23:17:21;20.5;47.8
415;2022-03-04 23:22:21;20.5;47.8
416;2022-03-04 23:27:21;20.6;47.8
417;2022-03-04 23:32:21;20.6;47.8
418;2022-03-04 23:37:21;20.6;47.8
419;2022-03-04 23:42:21;20.6;47.8
420;2022-03-04 23:47:21;20.6;47.8
421;2022-03-04 23:52:21;20.6;47.8
422;2022-03-04 23:57:21;20.6;47.8
423;2022-03-05 00:02:21;20.6;47.8
424;2022-03-05 00:07:21;20.7;47.8
425;2022-03-05 00:12:21;20.7;47.8
426;2022-03-05 00:17:21;20.7;47.8
427;2022-03-05 00:22:21;20.7;47.8
428;2022-03-05 00:27:21;20.7;47.9
429;2022-03-05 00:32:21;20.7;47.9
430;2022-03-05 00:37:21;20.7;47.9
431;2022-03-05 00:42:21;20.7;47.9
432;2022-03-05 00:47:21;20.7;47.9
433;2022-03-05 00:52:21;20.7;47.9
434;2022-03-05 00:57:21;20.8;47.9
435;2022-03-05 01:02:21;20.8;47.9
436;2022-03-05 01:07:21;20.8;47.9
437;2022-03-05 01:12:21;20.8;47.9
438;2022-03-05 01:17:21;20.8;47.9
439;2022-03-05 01:22:21;20.8;47.9
440;2022-03-05 01:27:21;20.8;47.9
441;2022-03-05 01:32:21;20.8;47.9
442;2022-03-05 01:37:21;20.8;47.9
443;2022-03-05 01:42:21;20.8;47.9
444;2022-03-05 01:47:21;20.8;47.9
445;2022-03-05 01:52:21;20.8;47.9
446;2022-03-05 01:57:21;20.8;47.9
447;2022-03-05 02:02:21;20.8;47.9
448;2022-03-05 02:07:21;20.8;47.9
449;2022-03-05 02:12:21;20.8;47.9
450;2022-03-05 02:17:21;20.8;47.9
451;2022-03-05 02:22:21;20.8;47.9
452;2022-03-05 02:27:21;20.8;47.9
453;2022-03-05 02:32:21;20.8;47.9
454;2022-03-05 02:37:21;20.8;47.9
455;2022-03-05 02:42:21;20.8;47.9
456;2022-03-05 02:47:21;20.8;47.9
457;2022-03-05 02:52:21;20.8;47.9
458;2022-03-05 02:57:21;20.8;47.9
459;2022-03-05 03:02:21;20.8;47.9
460;2022-03-05 03:07:21;20.8;47.9
461;2022-03-05 03:12:21;20.8;47.9
462;2022-03-05 03:17:21;20.8;47.9
463;2022-03-05 03:22:21;20.8;47.9
464;2022-03-05 03:27:21;20.8;47.9
465;2022-03-05 03:32:21;20.8;47.9
466;2022-03-05 03:37:21;20.8;47.9
467;2022-03-05 03:42:21;20.8;47.9
468;2022-03-05 03:47:21;20.8;47.9
469;2022-03-05 03:52:21;20.8;47.9
470;2022-03-05 03:57:21;20.8;47.9
471;2022-03-05 04:02:21;20.8;47.9
472;2022-03-05 04:07:21;20.8;47.9
473;2022-03-05 04:12:21;20.8;47.9
474;2022-03-05 04:17:21;20.8;47.9
475;2022-03-05 04:22:21;20.8;47.9
476;2022-03-05 04:27:21;20.8;47.9
477;2022-03-05 04:32:21;20.8;47.9
478;2022-03-05 04:37:21;20.8;47.9
479;2022-03-05 04:42:21;20.8;47.9
480;2022-03-05 04:47:21;20.8;47.9
481;2022-03-05 04:52:21;20.8;47.9
482;2022-03-05 04:57:21;20.8;47.9
483;2022-03-05 05:02:21;20.8;47.9
484;2022-03-05 05:07:21;20.8;47.9
485;2022-03-05 05:12:21;20.8;47.9
486;2022-03-05 05:17:21;20.8;47.9
487;2022-03-05 05:22:21;20.8;47.9
488;2022-03-05 05:27:21;20.8;47.9
489;2022-03-05 05:32:21;20.8;47.9
490;2022-03-05 05:37:21;20.8;47.9
491;2022-03-05 05:42:21;20.8;47.9
492;2022-03-05 05:47:21;20.8;47.9
493;2022-03-05 05:52:21;20.8;47.9
494;2022-03-05 05:57:21;20.8;47.9
495;2022-03-05 06:02:21;20.8;47.9
496;2022-03-05 06:07:21;20.8;47.9
497;2022-03-05 06:12:21;20.8;47.9
498;2022-03-05 06:17:21;20.8;47.9
499;2022-03-05 06:22:21;20.8;47.9
500;2022-03-05 06:27:21;20.8;47.9
501;2022-03-05 06:32:21;20.8;47.9
502;2022-03-05 06:37:21;20.8;48.4
503;2022-03-05 06:42:21;20.8;47.9
504;2022-03-05 06:47:21;20.8;47.9
505;2022-03-05 06:52:21;20.8;48.4
506;2022-03-05 06:57:21;20.8;47.9
507;2022-03-05 07:02:21;20.8;47.9
508;2022-03-05 07:07:21;20.8;47.9
509;2022-03-05 07:12:21;20.8;47.9
510;2022-03-05 07:17:21;20.8;47.9
511;2022-03-05 07:22:21;20.7;47.9
512;2022-03-05 07:27:21;20.7;48.4
513;2022-03-05 07:32:21;20.7;47.9
514;2022-03-05 07:37:21;20.8;47.9
515;2022-03-05 07:42:21;20.8;47.9
516;2022-03-05 07:47:21;20.8;47.9
517;2022-03-05 07:52:21;20.8;47.9
518;2022-03-05 07:57:21;20.8;47.9
519;2022-03-05 08:02:21;20.8;47.9
520;2022-03-05 08:07:21;20.8;47.9
521;2022-03-05 08:12:21;20.8;47.9
522;2022-03-05 08:17:21;20.8;47.9
523;2022-03-05 08:22:21;20.8;47.9
524;2022-03-05 08:27:21;20.8;47.9
525;2022-03-05 08:32:21;20.8;47.9
526;2022-03-05 08:37:21;20.8;47.9
527;2022-03-05 08:42:21;20.8;47.9
528;2022-03-05 08:47:21;20.8;47.9
529;2022-03-05 08:52:21;20.8;47.9
530;2022-03-05 08:57:21;20.8;47.9
531;2022-03-05 09:02:21;20.8;47.9
532;2022-03-05 09:07:21;20.8;47.9
533;2022-03-05 09:12:21;20.8;47.9
534;2022-03-05 09:17:21;20.8;47.9
535;2022-03-05 09:22:21;20.8;47.9
536;2022-03-05 09:27:21;20.8;47.9
537;2022-03-05 09:32:21;20.8;47.9
538;2022-03-05 09:37:21;20.8;47.9
539;2022-03-05 09:42:21;20.8;47.9
540;2022-03-05 09:47:21;20.8;47.9
541;2022-03-05 09:52:21;20.7;47.9
542;2022-03-05 09:57:21;20.7;48.4
543;2022-03-05 10:02:21;20.7;48.4
544;2022-03-05 10:07:21;20.7;47.9
545;2022-03-05 10:12:21;20.7;48.4
546;2022-03-05 10:17:21;20.8;48.4
547;2022-03-05 10:22:21;20.8;48.4
548;2022-03-05 10:27:21;20.8;47.9
549;2022-03-05 10:32:21;20.8;48.4
550;2022-03-05 10:37:21;20.8;48.4
551;2022-03-05 10:42:21;20.8;48.4
552;2022-03-05 10:47:21;20.8;48.4
553;2022-03-05 10:52:21;20.8;48.4
554;2022-03-05 10:57:21;20.8;48.4
555;2022-03-05 11:02:21;20.8;48.4
556;2022-03-05 11:07:21;20.8;47.9
557;2022-03-05 11:12:21;20.8;47.9
558;2022-03-05 11:17:21;20.9;48.4
559;2022-03-05 11:22:21;20.9;48.4
560;2022-03-05 11:27:21;20.9;48.4
561;2022-03-05 11:32:21;20.9;47.9
562;2022-03-05 11:37:21;20.9;47.9
563;2022-03-05 11:42:21;20.9;47.9
564;2022-03-05 11:47:21;20.9;48.4
565;2022-03-05 11:52:21;20.9;47.9
566;2022-03-05 11:57:21;20.9;48.4
567;2022-03-05 12:02:21;20.9;48.4
568;2022-03-05 12:07:21;20.9;48.4
569;2022-03-05 12:12:21;20.9;48.4
570;2022-03-05 12:17:21;20.9;48.4
571;2022-03-05 12:22:21;20.9;48.4
572;2022-03-05 12:27:21;20.9;48.4
573;2022-03-05 12:32:21;21;48.4
574;2022-03-05 12:37:21;21;48.4
575;2022-03-05 12:42:21;20.9;48.4
576;2022-03-05 12:47:21;20.9;48.9
577;2022-03-05 12:52:21;20.9;48.9
578;2022-03-05 12:57:21;20.8;48.4
579;2022-03-05 13:02:21;20.6;48.4
580;2022-03-05 13:07:21;20.5;47.8
581;2022-03-05 13:12:21;20.4;47.8
582;2022-03-05 13:17:21;20.3;47.8
583;2022-03-05 13:22:21;20.3;47.8
584;2022-03-05 13:27:21;20.2;47.8
585;2022-03-05 13:32:21;20.2;48.8
586;2022-03-05 13:37:21;20.3;49.9
587;2022-03-05 13:42:21;20.3;48.8
588;2022-03-05 13:47:21;20.4;50.4
589;2022-03-05 13:52:21;20.5;50.4
590;2022-03-05 13:57:21;20.4;49.9
591;2022-03-05 14:02:21;20.5;50.9
592;2022-03-05 14:07:21;20.5;49.9
593;2022-03-05 14:12:21;20.5;50.4
594;2022-03-05 14:17:21;20.5;49.9
595;2022-03-05 14:22:21;20.5;49.9
596;2022-03-05 14:27:21;20.4;49.9
597;2022-03-05 14:32:21;20.4;49.4
598;2022-03-05 14:37:21;20.3;48.8
599;2022-03-05 14:42:21;20.3;49.9
600;2022-03-05 14:47:21;20.3;49.4
601;2022-03-05 14:52:21;20.3;48.8
602;2022-03-05 14:57:21;20.3;49.9
603;2022-03-05 15:02:21;20.3;48.8
604;2022-03-05 15:07:21;20.2;48.8
605;2022-03-05 15:12:21;20.3;49.8
606;2022-03-05 15:17:21;20.3;48.8
607;2022-03-05 15:22:21;20.3;49.3
608;2022-03-05 15:27:21;20.3;48.8
609;2022-03-05 15:32:21;20.2;48.3
610;2022-03-05 15:37:21;20.1;47.8
611;2022-03-05 15:42:21;20;47.8
612;2022-03-05 15:47:21;19.9;47.2
613;2022-03-05 15:52:21;19.9;47.2
614;2022-03-05 15:57:21;19.8;46.7
615;2022-03-05 16:02:21;19.8;46.7
616;2022-03-05 16:07:21;19.8;46.7
617;2022-03-05 16:12:21;19.8;46.7
618;2022-03-05 16:17:21;19.8;46.7
619;2022-03-05 16:22:21;19.8;46.7
620;2022-03-05 16:27:21;19.8;46.2
621;2022-03-05 16:32:21;19.8;46.2
622;2022-03-05 16:37:21;19.8;46.2
623;2022-03-05 16:42:21;19.8;45.7
624;2022-03-05 16:47:21;19.8;45.7
625;2022-03-05 16:52:21;19.8;45.7
626;2022-03-05 16:57:21;19.7;45.7
627;2022-03-05 17:02:21;19.7;45.7
628;2022-03-05 17:07:21;19.7;45.7
629;2022-03-05 17:12:21;19.7;45.7
630;2022-03-05 17:17:21;19.7;45.7
631;2022-03-05 17:22:21;19.7;45.7
632;2022-03-05 17:27:21;19.7;45.7
633;2022-03-05 17:32:21;19.7;45.7
634;2022-03-05 17:37:21;19.7;45.1
635;2022-03-05 17:42:21;19.6;45.1
636;2022-03-05 17:47:21;19.6;45.1
637;2022-03-05 17:52:21;19.6;45.1
638;2022-03-05 17:57:21;19.6;45.1
639;2022-03-05 18:02:21;19.6;45.1
640;2022-03-05 18:07:21;19.6;45.1
641;2022-03-05 18:12:21;19.6;45.1
642;2022-03-05 18:17:21;19.6;45.1
643;2022-03-05 18:22:21;19.6;45.1
644;2022-03-05 18:27:21;19.8;46.2
645;2022-03-05 18:32:21;19.8;45.7
646;2022-03-05 18:37:21;19.8;46.2
647;2022-03-05 18:42:21;19.8;45.7
648;2022-03-05 18:47:21;19.8;46.7
649;2022-03-05 18:52:21;19.9;46.2
650;2022-03-05 18:57:21;19.8;46.2
651;2022-03-05 19:02:21;19.9;46.7
652;2022-03-05 19:07:21;19.9;46.7
653;2022-03-05 19:12:21;19.9;46.7
654;2022-03-05 19:17:21;19.9;46.2
655;2022-03-05 19:22:21;19.9;46.2
656;2022-03-05 19:27:21;19.9;46.7
657;2022-03-05 19:32:21;19.9;46.2
658;2022-03-05 19:37:21;19.8;46.2
659;2022-03-05 19:42:21;19.8;47.2
660;2022-03-05 19:47:21;19.9;47.2
661;2022-03-05 19:52:21;19.9;46.7
662;2022-03-05 19:57:21;19.9;46.7
663;2022-03-05 20:02:21;19.9;46.7
664;2022-03-05 20:07:21;19.9;46.7
665;2022-03-05 20:12:21;20;46.7
666;2022-03-05 20:17:21;19.9;47.2
667;2022-03-05 20:22:21;20;46.7
668;2022-03-05 20:27:21;20;47.3
669;2022-03-05 20:32:21;19.9;47.2
670;2022-03-05 20:37:21;19.8;47.2
671;2022-03-05 20:42:21;19.8;46.7
672;2022-03-05 20:47:21;19.8;48.8
673;2022-03-05 20:52:21;20;48.8
674;2022-03-05 20:57:21;20;48.3
675;2022-03-05 21:02:21;20.1;48.3
676;2022-03-05 21:07:21;20.1;47.8
677;2022-03-05 21:12:21;20.1;48.3
678;2022-03-05 21:17:21;20.1;48.3
679;2022-03-05 21:22:21;20.2;47.8
680;2022-03-05 21:27:21;20.2;47.8
681;2022-03-05 21:32:21;20.3;47.8
682;2022-03-05 21:37:21;20.3;47.8
683;2022-03-05 21:42:21;20.3;47.8
684;2022-03-05 21:47:21;20.3;47.8
685;2022-03-05 21:52:21;20.4;47.8
686;2022-03-05 21:57:21;20.4;47.8
687;2022-03-05 22:02:21;20.4;47.8
688;2022-03-05 22:07:21;20.4;47.8
689;2022-03-05 22:12:21;20.5;47.8
690;2022-03-05 22:17:21;20.5;47.8
691;2022-03-05 22:22:21;20.5;47.8
692;2022-03-05 22:27:21;20.5;47.8
693;2022-03-05 22:32:21;20.5;47.8
694;2022-03-05 22:37:21;20.6;47.8
695;2022-03-05 22:42:21;20.6;47.8
696;2022-03-05 22:47:21;20.6;47.8
697;2022-03-05 22:52:21;20.6;47.8
698;2022-03-05 22:57:21;20.6;47.3
699;2022-03-05 23:02:21;20.6;47.8
700;2022-03-05 23:07:21;20.6;47.8
701;2022-03-05 23:12:21;20.6;47.3
702;2022-03-05 23:17:21;20.6;47.3
703;2022-03-05 23:22:21;20.7;47.3
704;2022-03-05 23:27:21;20.7;47.3
705;2022-03-05 23:32:21;20.7;47.3
706;2022-03-05 23:37:21;20.7;47.3
707;2022-03-05 23:42:21;20.7;47.3
708;2022-03-05 23:47:21;20.7;47.3
709;2022-03-05 23:52:21;20.7;47.3
710;2022-03-05 23:57:21;20.7;47.3
711;2022-03-06 00:02:21;20.7;47.3
712;2022-03-06 00:07:21;20.7;47.3
713;2022-03-06 00:12:21;20.7;47.3
714;2022-03-06 00:17:21;20.7;47.3
715;2022-03-06 00:22:21;20.7;47.3
716;2022-03-06 00:27:21;20.7;47.3
717;2022-03-06 00:32:21;20.8;47.3
718;2022-03-06 00:37:21;20.8;47.3
719;2022-03-06 00:42:21;20.8;47.3
720;2022-03-06 00:47:21;20.8;47.3
721;2022-03-06 00:52:21;20.8;47.3
722;2022-03-06 00:57:21;20.8;47.3
723;2022-03-06 01:02:21;20.8;47.3
724;2022-03-06 01:07:21;20.8;47.3
725;2022-03-06 01:12:21;20.8;47.3
726;2022-03-06 01:17:21;20.8;47.3
727;2022-03-06 01:22:21;20.8;47.3
728;2022-03-06 01:27:21;20.8;47.3
729;2022-03-06 01:32:21;20.8;46.8
730;2022-03-06 01:37:21;20.8;46.8
731;2022-03-06 01:42:21;20.8;46.8
732;2022-03-06 01:47:21;20.8;46.8
733;2022-03-06 01:52:21;20.7;46.8
734;2022-03-06 01:57:21;20.7;46.8
735;2022-03-06 02:02:21;20.7;46.8
736;2022-03-06 02:07:21;20.7;46.8
737;2022-03-06 02:12:21;20.7;46.8
738;2022-03-06 02:17:21;20.7;46.8
739;2022-03-06 02:22:21;20.7;46.8
740;2022-03-06 02:27:21;20.7;46.8
741;2022-03-06 02:32:21;20.7;46.8
742;2022-03-06 02:37:21;20.7;46.8
743;2022-03-06 02:42:21;20.7;46.8
744;2022-03-06 02:47:21;20.7;46.8
745;2022-03-06 02:52:21;20.7;46.8
746;2022-03-06 02:57:21;20.7;46.8
747;2022-03-06 03:02:21;20.7;46.8
748;2022-03-06 03:07:21;20.7;46.8
749;2022-03-06 03:12:21;20.7;46.8
750;2022-03-06 03:17:21;20.7;46.8
751;2022-03-06 03:22:21;20.7;46.8
752;2022-03-06 03:27:21;20.7;46.8
753;2022-03-06 03:32:21;20.7;46.8
754;2022-03-06 03:37:21;20.7;46.8
755;2022-03-06 03:42:21;20.7;46.8
756;2022-03-06 03:47:21;20.7;46.8
757;2022-03-06 03:52:21;20.7;46.8
758;2022-03-06 03:57:21;20.7;46.8
759;2022-03-06 04:02:21;20.7;46.8
760;2022-03-06 04:07:21;20.7;46.8
761;2022-03-06 04:12:21;20.7;46.8
762;2022-03-06 04:17:21;20.7;46.8
763;2022-03-06 04:22:21;20.7;46.8
764;2022-03-06 04:27:21;20.7;46.8
765;2022-03-06 04:32:21;20.7;46.8
766;2022-03-06 04:37:21;20.6;46.8
767;2022-03-06 04:42:21;20.6;46.8
768;2022-03-06 04:47:21;20.6;46.8
769;2022-03-06 04:52:21;20.6;46.8
770;2022-03-06 04:57:21;20.6;46.8
771;2022-03-06 05:02:21;20.6;46.8
772;2022-03-06 05:07:21;20.6;46.3
773;2022-03-06 05:12:21;20.6;46.8
774;2022-03-06 05:17:21;20.6;46.8
775;2022-03-06 05:22:21;20.6;46.8
776;2022-03-06 05:27:21;20.6;46.8
777;2022-03-06 05:32:21;20.6;46.8
778;2022-03-06 05:37:21;20.6;46.8
779;2022-03-06 05:42:21;20.6;46.8
780;2022-03-06 05:47:21;20.6;46.8
781;2022-03-06 05:52:21;20.6;46.3
782;2022-03-06 05:57:21;20.6;46.3
783;2022-03-06 06:02:21;20.6;46.3
784;2022-03-06 06:07:21;20.6;46.3
785;2022-03-06 06:12:21;20.6;46.3
786;2022-03-06 06:17:21;20.6;46.3
787;2022-03-06 06:22:21;20.6;46.3
788;2022-03-06 06:27:21;20.6;46.3
789;2022-03-06 06:32:21;20.6;46.3
790;2022-03-06 06:37:21;20.6;45.8
791;2022-03-06 06:42:21;20.6;45.8
792;2022-03-06 06:47:21;20.6;45.8
793;2022-03-06 06:52:21;20.6;45.8
794;2022-03-06 06:57:21;20.6;45.8
795;2022-03-06 07:02:21;20.6;45.8
796;2022-03-06 07:07:21;20.6;45.8
797;2022-03-06 07:12:21;20.6;45.8
798;2022-03-06 07:17:21;20.6;45.8
799;2022-03-06 07:22:21;20.6;45.8
800;2022-03-06 07:27:21;20.6;45.8
801;2022-03-06 07:32:21;20.6;45.8
802;2022-03-06 07:37:21;20.6;45.8
803;2022-03-06 07:42:21;20.6;45.8
804;2022-03-06 07:47:21;20.6;45.8
805;2022-03-06 07:52:21;20.5;45.8
806;2022-03-06 07:57:21;20.5;45.8
807;2022-03-06 08:02:21;20.5;45.8
808;2022-03-06 08:07:21;20.5;45.8
809;2022-03-06 08:12:21;20.5;45.8
810;2022-03-06 08:17:21;20.5;45.8
811;2022-03-06 08:22:21;20.5;45.8
812;2022-03-06 08:27:21;20.5;45.8
813;2022-03-06 08:32:21;20.5;45.8
814;2022-03-06 08:37:21;20.5;45.8
815;2022-03-06 08:42:21;20.5;45.8
816;2022-03-06 08:47:21;20.5;45.8
817;2022-03-06 08:52:21;20.5;45.8
818;2022-03-06 08:57:21;20.5;45.8
819;2022-03-06 09:02:21;20.5;45.8
820;2022-03-06 09:07:21;20.5;45.8
821;2022-03-06 09:12:21;20.5;45.8
822;2022-03-06 09:17:21;20.5;45.8
823;2022-03-06 09:22:21;20.5;45.8
824;2022-03-06 09:27:21;20.5;45.8
825;2022-03-06 09:32:21;20.5;45.8
826;2022-03-06 09:37:21;20.5;45.8
827;2022-03-06 09:42:21;20.5;46.3
828;2022-03-06 09:47:21;20.5;45.8
829;2022-03-06 09:52:21;20.5;45.8
830;2022-03-06 09:57:21;20.5;46.3
831;2022-03-06 10:02:21;20.5;46.3
832;2022-03-06 10:07:21;20.5;46.3
833;2022-03-06 10:12:21;20.5;46.3
834;2022-03-06 10:17:21;20.6;46.3
835;2022-03-06 10:22:21;20.6;46.3
836;2022-03-06 10:27:21;20.6;46.3
837;2022-03-06 10:32:21;20.6;46.3
838;2022-03-06 10:37:21;20.6;46.3
839;2022-03-06 10:42:21;20.6;46.3
840;2022-03-06 10:47:21;20.6;46.8
841;2022-03-06 10:52:21;20.6;46.8
842;2022-03-06 10:57:21;20.6;46.8
843;2022-03-06 11:02:21;20.6;46.8
844;2022-03-06 11:07:21;20.6;46.8
845;2022-03-06 11:12:21;20.6;46.8
846;2022-03-06 11:17:21;20.6;46.3
847;2022-03-06 11:22:21;20.6;46.3
848;2022-03-06 11:27:21;20.6;46.3
849;2022-03-06 11:32:21;20.6;46.3
850;2022-03-06 11:37:21;20.7;46.3
851;2022-03-06 11:42:21;20.7;46.8
852;2022-03-06 11:47:21;20.7;46.8
853;2022-03-06 11:52:21;20.7;46.8
854;2022-03-06 11:57:21;20.7;46.3
855;2022-03-06 12:02:21;20.7;46.8
856;2022-03-06 12:07:21;20.8;46.8
857;2022-03-06 12:12:21;20.8;46.8
858;2022-03-06 12:17:21;20.8;46.8
859;2022-03-06 12:22:21;20.8;46.8
860;2022-03-06 12:27:21;20.8;46.8
861;2022-03-06 12:32:21;20.7;46.8
862;2022-03-06 12:37:21;20.7;46.8
863;2022-03-06 12:42:21;20.7;46.8
864;2022-03-06 12:47:21;20.6;46.8
865;2022-03-06 12:52:21;20.6;46.8
866;2022-03-06 12:57:21;20.5;46.8
867;2022-03-06 13:02:21;20.5;47.8
868;2022-03-06 13:07:21;20.4;46.8
869;2022-03-06 13:12:21;20.3;47.3
870;2022-03-06 13:17:21;20.4;47.8
871;2022-03-06 13:22:21;20.4;47.3
872;2022-03-06 13:27:21;20.3;47.8
873;2022-03-06 13:32:21;20.4;47.8
874;2022-03-06 13:37:21;20.3;47.3
875;2022-03-06 13:42:21;20.3;48.3
876;2022-03-06 13:47:21;20.3;47.3
877;2022-03-06 13:52:21;20.3;46.8
878;2022-03-06 13:57:21;20.3;48.3
879;2022-03-06 14:02:21;20.3;47.8
880;2022-03-06 14:07:21;20.3;47.8
881;2022-03-06 14:12:21;20.3;47.8
882;2022-03-06 14:17:21;20.3;47.3
883;2022-03-06 14:22:21;20.3;48.3
884;2022-03-06 14:27:21;20.3;47.8
885;2022-03-06 14:32:21;20.2;47.3
886;2022-03-06 14:37:21;20.2;48.3
887;2022-03-06 14:42:21;20.3;48.3
888;2022-03-06 14:47:21;20.2;47.8
889;2022-03-06 14:52:21;20.3;47.8
890;2022-03-06 14:57:21;20.2;47.8
891;2022-03-06 15:02:21;20.2;48.3
892;2022-03-06 15:07:21;20.3;47.8
893;2022-03-06 15:12:21;20.2;47.8
894;2022-03-06 15:17:21;20.3;48.3
895;2022-03-06 15:22:21;20.2;47.8
896;2022-03-06 15:27:21;20.2;47.8
897;2022-03-06 15:32:21;20.3;48.8
898;2022-03-06 15:37:21;20.2;47.8
899;2022-03-06 15:42:21;20.2;47.8
900;2022-03-06 15:47:21;20.3;47.8
901;2022-03-06 15:52:21;20.2;47.3
902;2022-03-06 15:57:21;20.2;48.8
903;2022-03-06 16:02:21;20.2;47.8
904;2022-03-06 16:07:21;20.1;47.8
905;2022-03-06 16:12:21;20.2;48.8
906;2022-03-06 16:17:21;20.2;47.8
907;2022-03-06 16:22:21;20.1;48.3
908;2022-03-06 16:27:21;20.2;48.3
909;2022-03-06 16:32:21;20.1;47.8
910;2022-03-06 16:37:21;20.2;48.8
911;2022-03-06 16:42:21;20.2;47.8
912;2022-03-06 16:47:21;20.1;47.8
913;2022-03-06 16:52:21;20.2;48.8
914;2022-03-06 16:57:21;20.2;47.8
915;2022-03-06 17:02:21;20.1;48.3
916;2022-03-06 17:07:21;20.2;48.3
917;2022-03-06 17:12:21;20.2;47.8
918;2022-03-06 17:17:21;20.1;48.3
919;2022-03-06 17:22:21;20.2;47.8
920;2022-03-06 17:27:21;20.2;47.8
921;2022-03-06 17:32:21;20.2;47.8
922;2022-03-06 17:37:21;20.1;47.8
923;2022-03-06 17:42:21;20.1;48.3
924;2022-03-06 17:47:21;20.2;47.8
925;2022-03-06 17:52:21;20.1;47.3
926;2022-03-06 17:57:21;20;47.8
927;2022-03-06 18:02:21;20.1;48.8
928;2022-03-06 18:07:21;20.2;47.8
929;2022-03-06 18:12:21;20.2;48.3
930;2022-03-06 18:17:21;20.3;47.8
931;2022-03-06 18:22:21;20.2;47.8
932;2022-03-06 18:27:21;20.3;48.3
933;2022-03-06 18:32:21;20.3;47.8
934;2022-03-06 18:37:21;20.3;47.8
935;2022-03-06 18:42:21;20.3;47.8
936;2022-03-06 18:47:21;20.3;47.8
937;2022-03-06 18:52:21;20.3;47.3
938;2022-03-06 18:57:21;20.3;47.8
939;2022-03-06 19:02:21;20.4;47.8
940;2022-03-06 19:07:21;20.4;47.8
941;2022-03-06 19:12:21;20.4;47.8
942;2022-03-06 19:17:21;20.4;47.8
943;2022-03-06 19:22:21;20.5;47.8
944;2022-03-06 19:27:21;20.5;47.8
945;2022-03-06 19:32:21;20.5;47.3
946;2022-03-06 19:37:21;20.5;47.8
947;2022-03-06 19:42:21;20.6;47.8
948;2022-03-06 19:47:21;20.6;47.3
949;2022-03-06 19:52:21;20.6;47.8
950;2022-03-06 19:57:21;20.6;47.3
951;2022-03-06 20:02:21;20.7;47.3
952;2022-03-06 20:07:21;20.7;47.8
953;2022-03-06 20:12:21;20.7;47.3
954;2022-03-06 20:17:21;20.7;47.3
955;2022-03-06 20:22:21;20.7;47.3
956;2022-03-06 20:27:21;20.8;47.3
957;2022-03-06 20:32:21;20.8;47.3
958;2022-03-06 20:37:21;20.8;47.3
959;2022-03-06 20:42:21;20.8;47.3
960;2022-03-06 20:47:21;20.8;47.3
961;2022-03-06 20:52:21;20.8;47.3
962;2022-03-06 20:57:21;20.8;47.3
963;2022-03-06 21:02:21;20.8;47.3
964;2022-03-06 21:07:21;20.8;47.3
965;2022-03-06 21:12:21;20.8;47.3
966;2022-03-06 21:17:21;20.8;47.3
967;2022-03-06 21:22:21;20.8;47.4
968;2022-03-06 21:27:21;20.8;47.3
969;2022-03-06 21:32:21;20.8;47.4
970;2022-03-06 21:37:21;20.8;47.3
971;2022-03-06 21:42:21;20.8;47.3
972;2022-03-06 21:47:21;20.8;47.3
973;2022-03-06 21:52:21;20.8;47.3
974;2022-03-06 21:57:21;20.8;47.3
975;2022-03-06 22:02:21;20.9;47.3
976;2022-03-06 22:07:21;20.8;46.8
977;2022-03-06 22:12:21;20.9;46.8
978;2022-03-06 22:17:21;20.8;46.8
979;2022-03-06 22:22:21;20.8;46.8
980;2022-03-06 22:27:21;20.8;46.8
981;2022-03-06 22:32:21;20.8;46.8
982;2022-03-06 22:37:21;20.8;46.8
983;2022-03-06 22:42:21;20.8;46.8
984;2022-03-06 22:47:21;20.8;46.8
985;2022-03-06 22:52:21;20.8;46.8
986;2022-03-06 22:57:21;20.8;46.8
987;2022-03-06 23:02:21;20.8;46.8
988;2022-03-06 23:07:21;20.8;46.8
989;2022-03-06 23:12:21;20.8;46.3
990;2022-03-06 23:17:21;20.8;46.3
991;2022-03-06 23:22:21;20.8;46.3
992;2022-03-06 23:27:21;20.8;46.3
993;2022-03-06 23:32:21;20.8;46.3
994;2022-03-06 23:37:21;20.8;46.3
995;2022-03-06 23:42:21;20.8;46.3
996;2022-03-06 23:47:21;20.8;46.3
997;2022-03-06 23:52:21;20.8;46.3
998;2022-03-06 23:57:21;20.8;46.3
999;2022-03-07 00:02:21;20.7;46.3
1000;2022-03-07 00:07:21;20.7;46.3
1001;2022-03-07 00:12:21;20.7;45.8
1002;2022-03-07 00:17:21;20.7;45.8
1003;2022-03-07 00:22:21;20.7;45.8
1004;2022-03-07 00:27:21;20.7;45.8
1005;2022-03-07 00:32:21;20.7;45.8
1006;2022-03-07 00:37:21;20.7;45.8
1007;2022-03-07 00:42:21;20.7;45.8
1008;2022-03-07 00:47:21;20.7;45.8
1009;2022-03-07 00:52:21;20.7;45.8
1010;2022-03-07 00:57:21;20.7;45.8
1011;2022-03-07 01:02:21;20.6;45.8
1012;2022-03-07 01:07:21;20.6;45.8
1013;2022-03-07 01:12:21;20.6;45.8
1014;2022-03-07 01:17:21;20.6;45.8
1015;2022-03-07 01:22:21;20.6;45.8
1016;2022-03-07 01:27:21;20.6;45.8
1017;2022-03-07 01:32:21;20.6;45.8
1018;2022-03-07 01:37:21;20.6;45.8
1019;2022-03-07 01:42:21;20.6;45.8
1020;2022-03-07 01:47:21;20.6;45.8
1021;2022-03-07 01:52:21;20.6;45.8
1022;2022-03-07 01:57:21;20.6;45.8
1023;2022-03-07 02:02:21;20.6;45.8
1024;2022-03-07 02:07:21;20.7;45.3
1025;2022-03-07 02:12:21;20.7;45.3
1026;2022-03-07 02:17:21;20.7;45.3
1027;2022-03-07 02:22:21;20.6;45.2
1028;2022-03-07 02:27:21;20.6;45.2
1029;2022-03-07 02:32:21;20.6;45.2
1030;2022-03-07 02:37:21;20.6;45.2
1031;2022-03-07 02:42:21;20.6;45.2
1032;2022-03-07 02:47:21;20.6;45.2
1033;2022-03-07 02:52:21;20.6;45.2
1034;2022-03-07 02:57:21;20.5;45.2
1035;2022-03-07 03:02:21;20.5;45.2
1036;2022-03-07 03:07:21;20.5;45.2
1037;2022-03-07 03:12:21;20.5;45.2
1038;2022-03-07 03:17:21;20.5;45.2
1039;2022-03-07 03:22:21;20.5;45.2
1040;2022-03-07 03:27:21;20.5;45.2
1041;2022-03-07 03:32:21;20.4;45.2
1042;2022-03-07 03:37:21;20.4;45.2
1043;2022-03-07 03:42:21;20.4;45.2
1044;2022-03-07 03:47:21;20.4;45.2
1045;2022-03-07 03:52:21;20.4;45.2
1046;2022-03-07 03:57:21;20.4;45.2
1047;2022-03-07 04:02:21;20.3;45.2
1048;2022-03-07 04:07:21;20.3;45.2
1049;2022-03-07 04:12:21;20.3;45.2
1050;2022-03-07 04:17:21;20.3;45.2
1051;2022-03-07 04:22:21;20.3;45.2
1052;2022-03-07 04:27:21;20.3;45.2
1053;2022-03-07 04:32:21;20.3;45.2
1054;2022-03-07 04:37:21;20.3;45.2
1055;2022-03-07 04:42:21;20.3;45.2
1056;2022-03-07 04:47:21;20.3;45.2
1057;2022-03-07 04:52:21;20.3;45.2
1058;2022-03-07 04:57:21;20.2;45.2
1059;2022-03-07 05:02:21;20.2;45.2
1060;2022-03-07 05:07:21;20.2;45.2
1061;2022-03-07 05:12:21;20.2;45.2
1062;2022-03-07 05:17:21;20.2;45.2
1063;2022-03-07 05:22:21;20.2;45.2
1064;2022-03-07 05:27:21;20.2;45.2
1065;2022-03-07 05:32:21;20.1;45.2
1066;2022-03-07 05:37:21;20.1;45.2
1067;2022-03-07 05:42:21;20.1;45.2
1068;2022-03-07 05:47:21;20.1;45.2
1069;2022-03-07 05:52:21;20.1;45.2
1070;2022-03-07 05:57:21;20;45.2
1071;2022-03-07 06:02:21;20;45.2
1072;2022-03-07 06:07:21;20;45.2
1073;2022-03-07 06:12:21;20;45.2
1074;2022-03-07 06:17:21;20;45.2
1075;2022-03-07 06:22:21;20;45.2
1076;2022-03-07 06:27:21;20;45.2
1077;2022-03-07 06:32:21;19.9;45.2
1078;2022-03-07 06:37:21;19.9;45.2
1079;2022-03-07 06:42:21;19.9;45.2
1080;2022-03-07 06:47:21;19.9;45.2
1081;2022-03-07 06:52:21;19.9;45.2
1082;2022-03-07 06:57:21;19.9;45.2
1083;2022-03-07 07:02:21;19.8;45.2
1084;2022-03-07 07:07:21;19.8;45.7
1085;2022-03-07 07:12:21;19.8;45.7
1086;2022-03-07 07:17:21;19.8;45.2
1087;2022-03-07 07:22:21;19.8;45.2
1088;2022-03-07 07:27:21;19.8;45.7
1089;2022-03-07 07:32:21;19.8;45.2
1090;2022-03-07 07:37:21;19.8;45.2
1091;2022-03-07 07:42:21;19.8;45.7
1092;2022-03-07 07:47:21;19.8;45.7
1093;2022-03-07 07:52:21;19.8;45.7
1094;2022-03-07 07:57:21;19.7;45.7
1095;2022-03-07 08:02:21;19.7;45.7
1096;2022-03-07 08:07:21;19.7;45.7
1097;2022-03-07 08:12:21;19.7;45.7
1098;2022-03-07 08:17:21;19.7;45.7
1099;2022-03-07 08:22:21;19.7;45.7
1100;2022-03-07 08:27:21;19.7;45.7
1101;2022-03-07 08:32:21;19.7;45.7
1102;2022-03-07 08:37:21;19.6;45.7
1103;2022-03-07 08:42:21;19.6;45.7
1104;2022-03-07 08:47:21;19.7;46.2
1105;2022-03-07 08:52:21;19.7;46.7
1106;2022-03-07 08:57:21;19.7;46.7
1107;2022-03-07 09:02:21;19.7;46.7
1108;2022-03-07 09:07:21;19.7;46.7
1109;2022-03-07 09:12:21;19.7;46.7
1110;2022-03-07 09:17:21;19.7;46.7
1111;2022-03-07 09:22:21;19.7;46.7
1112;2022-03-07 09:27:21;19.8;46.7
1113;2022-03-07 09:32:21;19.8;46.7
1114;2022-03-07 09:37:21;19.8;46.7
1115;2022-03-07 09:42:21;19.8;46.7
1116;2022-03-07 09:47:21;19.8;46.7
1117;2022-03-07 09:52:21;19.8;46.7
1118;2022-03-07 09:57:21;19.8;46.7
1119;2022-03-07 10:02:21;19.8;46.7
1120;2022-03-07 10:07:21;19.9;46.7
1121;2022-03-07 10:12:21;19.9;46.7
1122;2022-03-07 10:17:21;19.9;46.7
1123;2022-03-07 10:22:21;20;46.7
1124;2022-03-07 10:27:21;20;46.7
1125;2022-03-07 10:32:21;20;46.7
1126;2022-03-07 10:37:21;20;46.7
1127;2022-03-07 10:42:21;20;46.7
1128;2022-03-07 10:47:21;20.1;46.7
1129;2022-03-07 10:52:21;20.1;46.7
1130;2022-03-07 10:57:21;20.1;46.7
1131;2022-03-07 11:02:21;20.2;47.3
1132;2022-03-07 11:07:21;20.2;47.3
1133;2022-03-07 11:12:21;20.2;47.3
1134;2022-03-07 11:17:21;20.2;47.3
1135;2022-03-07 11:22:21;20.3;47.3
1136;2022-03-07 11:27:21;20.3;47.3
1137;2022-03-07 11:32:21;20.3;47.3
1138;2022-03-07 11:37:21;20.3;47.3
1139;2022-03-07 11:42:21;20.3;47.3
1140;2022-03-07 11:47:21;20.3;47.3
1141;2022-03-07 11:52:21;20.3;47.3
1142;2022-03-07 11:57:21;20.3;47.3
1143;2022-03-07 12:02:21;20.3;47.3
1144;2022-03-07 12:07:21;20.3;47.3
1145;2022-03-07 12:12:21;20.4;47.8
1146;2022-03-07 12:17:21;20.4;47.8
1147;2022-03-07 12:22:21;20.4;47.8
1148;2022-03-07 12:27:21;20.4;47.8
1149;2022-03-07 12:32:21;20.4;47.8
1150;2022-03-07 12:37:21;20.4;47.8
1151;2022-03-07 12:42:21;20.4;47.8
1152;2022-03-07 12:47:21;20.3;47.8
1153;2022-03-07 12:52:21;20.3;47.3
1154;2022-03-07 12:57:21;20.3;47.3
1155;2022-03-07 13:02:21;20.2;46.8
1156;2022-03-07 13:07:21;20.2;47.3
1157;2022-03-07 13:12:21;20.3;47.3
1158;2022-03-07 13:17:21;20.3;47.8
1159;2022-03-07 13:22:21;20.3;47.8
1160;2022-03-07 13:27:21;20.3;47.8
1161;2022-03-07 13:32:21;20.3;47.8
1162;2022-03-07 13:37:21;20.3;47.8
1163;2022-03-07 13:42:21;20.3;48.3
1164;2022-03-07 13:47:21;20.3;47.8
1165;2022-03-07 13:52:21;20.2;47.8
1166;2022-03-07 13:57:21;20.2;47.8
1167;2022-03-07 14:02:21;20.2;47.3
1168;2022-03-07 14:07:21;20.2;47.8
1169;2022-03-07 14:12:21;20.3;48.8
1170;2022-03-07 14:17:21;20.2;47.8
1171;2022-03-07 14:22:21;20.2;47.8
1172;2022-03-07 14:27:21;20.1;47.3
1173;2022-03-07 14:32:21;20.1;47.3
1174;2022-03-07 14:37:21;20;46.7
1175;2022-03-07 14:42:21;20;46.7
1176;2022-03-07 14:47:21;19.9;46.7
1177;2022-03-07 14:52:21;19.9;46.7
1178;2022-03-07 14:57:21;19.8;46.7
1179;2022-03-07 15:02:21;19.8;46.7
1180;2022-03-07 15:07:21;19.8;46.7
1181;2022-03-07 15:12:21;19.8;46.7
1182;2022-03-07 15:17:21;19.8;46.7
1183;2022-03-07 15:22:21;19.8;46.7
1184;2022-03-07 15:27:21;19.8;46.7
1185;2022-03-07 15:32:21;19.8;46.7
1186;2022-03-07 15:37:21;19.8;46.7
1187;2022-03-07 15:42:21;19.9;46.7
1188;2022-03-07 15:47:21;20;46.2
1189;2022-03-07 15:52:21;20;46.2
1190;2022-03-07 15:57:21;20;45.7
1191;2022-03-07 16:02:21;20;45.7
1192;2022-03-07 16:07:21;20;45.7
1193;2022-03-07 16:12:21;20.1;45.7
1194;2022-03-07 16:17:21;20.1;45.7
1195;2022-03-07 16:22:21;20.1;45.7
1196;2022-03-07 16:27:21;20.1;45.7
1197;2022-03-07 16:32:21;20;45.7
1198;2022-03-07 16:37:21;20;45.7
1199;2022-03-07 16:42:21;20;45.2
1200;2022-03-07 16:47:21;20;45.2
1201;2022-03-07 16:52:21;20;45.2
1202;2022-03-07 16:57:21;20;44.7
1203;2022-03-07 17:02:21;19.9;45.2
1204;2022-03-07 17:07:21;19.9;44.6
1205;2022-03-07 17:12:21;19.9;44.7
1206;2022-03-07 17:17:21;19.9;44.7
1207;2022-03-07 17:22:21;19.9;44.6
1208;2022-03-07 17:27:21;19.9;44.6
1209;2022-03-07 17:32:21;19.9;44.6
1210;2022-03-07 17:37:21;19.9;44.6
1211;2022-03-07 17:42:21;19.9;44.6
1212;2022-03-07 17:47:21;19.9;44.6
1213;2022-03-07 17:52:21;19.8;44.6
1214;2022-03-07 17:57:21;19.8;44.6
1215;2022-03-07 18:02:21;19.8;44.1
1216;2022-03-07 18:07:21;19.7;44.1
1217;2022-03-07 18:12:21;19.7;44.1
1218;2022-03-07 18:17:21;19.7;44.1
1219;2022-03-07 18:22:21;19.6;43.6
1220;2022-03-07 18:27:21;19.6;43.6
1221;2022-03-07 18:32:21;19.6;43.6
1222;2022-03-07 18:37:21;19.6;44.1
1223;2022-03-07 18:42:21;19.6;43.6
1224;2022-03-07 18:47:21;19.5;43.5
1225;2022-03-07 18:52:21;19.5;43.5
1226;2022-03-07 18:57:21;19.5;43.5
1227;2022-03-07 19:02:21;19.5;43.5
1228;2022-03-07 19:07:21;19.5;44.1
1229;2022-03-07 19:12:21;19.5;44.1
1230;2022-03-07 19:17:21;19.4;43.5
1231;2022-03-07 19:22:21;19.4;43.5
1232;2022-03-07 19:27:21;19.4;43.5
1233;2022-03-07 19:32:21;19.4;43.5
1234;2022-03-07 19:37:21;19.4;43.5
1235;2022-03-07 19:42:21;19.4;43.5
1236;2022-03-07 19:47:21;19.4;44.1
1237;2022-03-07 19:52:21;19.3;43.5
1238;2022-03-07 19:57:21;19.2;43.5
1239;2022-03-07 20:02:21;19.2;43.5
1240;2022-03-07 20:07:21;19.2;43.5
1241;2022-03-07 20:12:21;19.2;43.5
1242;2022-03-07 20:17:21;19.2;43.5
1243;2022-03-07 20:22:21;19.2;43.5
1244;2022-03-07 20:27:21;19.2;43.5
1245;2022-03-07 20:32:21;19.3;45.1
1246;2022-03-07 20:37:21;19.5;45.6
1247;2022-03-07 20:42:21;19.7;45.7
1248;2022-03-07 20:47:21;19.8;45.7
1249;2022-03-07 20:52:21;19.8;45.1
1250;2022-03-07 20:57:21;19.8;45.7
1251;2022-03-07 21:02:21;19.8;45.7
1252;2022-03-07 21:07:21;19.8;45.7
1253;2022-03-07 21:12:21;19.9;45.7
1254;2022-03-07 21:17:21;19.9;45.2
1255;2022-03-07 21:22:21;20;45.7
1256;2022-03-07 21:27:21;20;45.2
1257;2022-03-07 21:32:21;20.1;45.2
1258;2022-03-07 21:37:21;20.1;45.2
1259;2022-03-07 21:42:21;20.1;45.7
1260;2022-03-07 21:47:21;20.2;45.2
1261;2022-03-07 21:52:21;20.2;45.2
1262;2022-03-07 21:57:21;20.2;45.2
1263;2022-03-07 22:02:21;20.2;45.2
1264;2022-03-07 22:07:21;20.3;45.2
1265;2022-03-07 22:12:21;20.3;45.7
1266;2022-03-07 22:17:21;20.3;45.2
1267;2022-03-07 22:22:21;20.3;45.2
1268;2022-03-07 22:27:21;20.3;45.2
1269;2022-03-07 22:32:21;20.3;45.2
1270;2022-03-07 22:37:21;20.3;45.2
1271;2022-03-07 22:42:21;20.3;45.2
1272;2022-03-07 22:47:21;20.4;45.2
1273;2022-03-07 22:52:21;20.4;45.2
1274;2022-03-07 22:57:21;20.4;45.2
1275;2022-03-07 23:02:21;20.4;45.2
1276;2022-03-07 23:07:21;20.4;45.2
1277;2022-03-07 23:12:21;20.4;45.2
1278;2022-03-07 23:17:21;20.5;45.2
1279;2022-03-07 23:22:21;20.5;45.2
1280;2022-03-07 23:27:21;20.5;45.2
1281;2022-03-07 23:32:21;20.5;45.2
1282;2022-03-07 23:37:21;20.5;45.2
1283;2022-03-07 23:42:21;20.5;44.7
1284;2022-03-07 23:47:21;20.5;44.7
1285;2022-03-07 23:52:21;20.6;44.7
1286;2022-03-07 23:57:21;20.6;44.7
1287;2022-03-08 00:02:21;20.6;44.7
1288;2022-03-08 00:07:21;20.6;44.7
1289;2022-03-08 00:12:21;20.6;44.7
1290;2022-03-08 00:17:21;20.6;44.7
1291;2022-03-08 00:22:21;20.6;44.7
1292;2022-03-08 00:27:21;20.7;44.7
1293;2022-03-08 00:32:21;20.7;44.7
1294;2022-03-08 00:37:21;20.7;44.7
1295;2022-03-08 00:42:21;20.7;44.7
1296;2022-03-08 00:47:21;20.7;44.7
1297;2022-03-08 00:52:21;20.7;44.7
1298;2022-03-08 00:57:21;20.7;44.7
1299;2022-03-08 01:02:21;20.7;44.7
1300;2022-03-08 01:07:21;20.7;44.7
1301;2022-03-08 01:12:21;20.7;44.7
1302;2022-03-08 01:17:21;20.7;44.7
1303;2022-03-08 01:22:21;20.7;44.7
1304;2022-03-08 01:27:21;20.7;44.7
1305;2022-03-08 01:32:21;20.7;44.7
1306;2022-03-08 01:37:21;20.7;44.7
1307;2022-03-08 01:42:21;20.7;44.7
1308;2022-03-08 01:47:21;20.7;44.7
1309;2022-03-08 01:52:21;20.7;44.7
1310;2022-03-08 01:57:21;20.7;44.7
1311;2022-03-08 02:02:21;20.7;44.7
1312;2022-03-08 02:07:21;20.7;44.7
1313;2022-03-08 02:12:21;20.7;44.7
1314;2022-03-08 02:17:21;20.7;44.7
1315;2022-03-08 02:22:21;20.7;44.2
1316;2022-03-08 02:27:21;20.7;44.2
1317;2022-03-08 02:32:21;20.7;44.7
1318;2022-03-08 02:37:21;20.7;44.7
1319;2022-03-08 02:42:21;20.6;44.7
1320;2022-03-08 02:47:21;20.6;44.7
1321;2022-03-08 02:52:21;20.6;44.7
1322;2022-03-08 02:57:21;20.6;44.2
1323;2022-03-08 03:02:21;20.6;44.2
1324;2022-03-08 03:07:21;20.6;44.2
1325;2022-03-08 03:12:21;20.6;44.2
1326;2022-03-08 03:17:21;20.6;44.7
1327;2022-03-08 03:22:21;20.6;44.7
1328;2022-03-08 03:27:21;20.6;44.2
1329;2022-03-08 03:32:21;20.6;44.7
1330;2022-03-08 03:37:21;20.6;44.7
1331;2022-03-08 03:42:21;20.6;44.7
1332;2022-03-08 03:47:21;20.6;44.7
1333;2022-03-08 03:52:21;20.5;44.7
1334;2022-03-08 03:57:21;20.5;44.7
1335;2022-03-08 04:02:21;20.5;44.7
1336;2022-03-08 04:07:21;20.5;44.7
1337;2022-03-08 04:12:21;20.5;44.7
1338;2022-03-08 04:17:21;20.5;44.7
1339;2022-03-08 04:22:21;20.5;44.7
1340;2022-03-08 04:27:21;20.5;44.7
1341;2022-03-08 04:32:21;20.5;44.7
1342;2022-03-08 04:37:21;20.5;44.7
1343;2022-03-08 04:42:21;20.5;44.7
1344;2022-03-08 04:47:21;20.5;44.7
1345;2022-03-08 04:52:21;20.5;44.7
1346;2022-03-08 04:57:21;20.5;44.7
1347;2022-03-08 05:02:21;20.5;44.7
1348;2022-03-08 05:07:21;20.5;44.7
1349;2022-03-08 05:12:21;20.4;44.7
1350;2022-03-08 05:17:21;20.4;44.7
1351;2022-03-08 05:22:21;20.4;44.7
1352;2022-03-08 05:27:21;20.4;44.7
1353;2022-03-08 05:32:21;20.4;44.7
1354;2022-03-08 05:37:21;20.4;44.7
1355;2022-03-08 05:42:21;20.4;44.7
1356;2022-03-08 05:47:21;20.4;44.7
1357;2022-03-08 05:52:21;20.4;44.7
1358;2022-03-08 05:57:21;20.4;44.7
1359;2022-03-08 06:02:21;20.4;44.7
1360;2022-03-08 06:07:21;20.4;44.7
1361;2022-03-08 06:12:21;20.3;44.7
1362;2022-03-08 06:17:21;20.3;44.7
1363;2022-03-08 06:22:21;20.3;44.7
1364;2022-03-08 06:27:21;20.3;44.7
1365;2022-03-08 06:32:21;20.3;44.7
1366;2022-03-08 06:37:21;20.3;44.7
1367;2022-03-08 06:42:21;20.3;44.7
1368;2022-03-08 06:47:21;20.3;44.7
1369;2022-03-08 06:52:21;20.3;44.7
1370;2022-03-08 06:57:21;20.3;44.7
1371;2022-03-08 07:02:21;20.3;44.7
1372;2022-03-08 07:07:21;20.3;44.7
1373;2022-03-08 07:12:21;20.3;44.7
1374;2022-03-08 07:17:21;20.3;44.7
1375;2022-03-08 07:22:21;20.2;44.7
1376;2022-03-08 07:27:21;20.2;44.7
1377;2022-03-08 07:32:21;20.2;44.7
1378;2022-03-08 07:37:21;20.2;44.7
1379;2022-03-08 07:42:21;20.2;44.7
1380;2022-03-08 07:47:21;20.2;44.7
1381;2022-03-08 07:52:21;20.2;44.7
1382;2022-03-08 07:57:21;20.1;44.7
1383;2022-03-08 08:02:21;20.1;44.7
1384;2022-03-08 08:07:21;20.1;44.7
1385;2022-03-08 08:12:21;20.1;44.7
1386;2022-03-08 08:17:21;20.1;44.7
1387;2022-03-08 08:22:21;20.1;44.7
1388;2022-03-08 08:27:21;20.1;44.7
1389;2022-03-08 08:32:21;20.1;44.7
1390;2022-03-08 08:37:21;20;44.7
1391;2022-03-08 08:42:21;20;44.7
1392;2022-03-08 08:47:21;20.1;45.2
1393;2022-03-08 08:52:21;20.1;46.2
1394;2022-03-08 08:57:21;20.1;45.7
1395;2022-03-08 09:02:21;20.1;45.7
1396;2022-03-08 09:07:21;20.1;46.2
1397;2022-03-08 09:12:21;20.1;46.2
1398;2022-03-08 09:17:21;20.1;46.2
1399;2022-03-08 09:22:21;20.2;46.2
1400;2022-03-08 09:27:21;20.2;46.2
1401;2022-03-08 09:32:21;20.2;46.8
1402;2022-03-08 09:37:21;20.3;46.8
1403;2022-03-08 09:42:21;20.3;46.8
1404;2022-03-08 09:47:21;20.3;46.8
1405;2022-03-08 09:52:21;20.3;46.8
1406;2022-03-08 09:57:21;20.3;46.8
1407;2022-03-08 10:02:21;20.3;46.8
1408;2022-03-08 10:07:21;20.3;46.8
1409;2022-03-08 10:12:21;20.3;46.8
1410;2022-03-08 10:17:21;20.3;46.8
1411;2022-03-08 10:22:21;20.3;46.8
1412;2022-03-08 10:27:21;20.4;47.3
1413;2022-03-08 10:32:21;20.4;47.3
1414;2022-03-08 10:37:21;20.4;47.3
1415;2022-03-08 10:42:21;20.5;47.8
1416;2022-03-08 10:47:21;20.5;47.8
1417;2022-03-08 10:52:21;20.5;47.3
1418;2022-03-08 10:57:21;20.5;47.8
1419;2022-03-08 11:02:21;20.5;47.8
1420;2022-03-08 11:07:21;20.5;47.8
1421;2022-03-08 11:12:21;20.5;47.8
1422;2022-03-08 11:17:21;20.6;47.8
1423;2022-03-08 11:22:21;20.6;47.8
1424;2022-03-08 11:27:21;20.6;47.8
1425;2022-03-08 11:32:21;20.6;47.8
1426;2022-03-08 11:37:21;20.6;47.8
1427;2022-03-08 11:42:21;20.6;47.8
1428;2022-03-08 11:47:21;20.6;47.8
1429;2022-03-08 11:52:21;20.6;47.8
1430;2022-03-08 11:57:21;20.6;47.8
1431;2022-03-08 12:02:21;20.7;47.8
1432;2022-03-08 12:07:21;20.6;47.8
1433;2022-03-08 12:12:21;20.6;47.8
1434;2022-03-08 12:17:21;20.6;47.8
1435;2022-03-08 12:22:21;20.4;47.8
1436;2022-03-08 12:27:21;20.3;47.8
1437;2022-03-08 12:32:21;20.3;47.8
1438;2022-03-08 12:37:21;20.3;47.8
1439;2022-03-08 12:42:21;20.2;47.3
1440;2022-03-08 12:47:21;20.1;47.3
1441;2022-03-08 12:52:21;20.1;47.3
1442;2022-03-08 12:57:21;20.1;47.3
1443;2022-03-08 13:02:21;20.1;47.3
1444;2022-03-08 13:07:21;20;46.7
1445;2022-03-08 13:12:21;19.9;46.7
1446;2022-03-08 13:17:21;19.9;46.7
1447;2022-03-08 13:22:21;19.9;46.7
1448;2022-03-08 13:27:21;19.8;46.7
1449;2022-03-08 13:32:21;20;47.8
1450;2022-03-08 13:37:21;20;47.8
1451;2022-03-08 13:42:21;20;48.3
1452;2022-03-08 13:47:21;20.1;48.8
1453;2022-03-08 13:52:21;20.1;48.3
1454;2022-03-08 13:57:21;20;48.3
1455;2022-03-08 14:02:21;19.9;47.8
1456;2022-03-08 14:07:21;20;48.8
1457;2022-03-08 14:12:21;20.2;49.3
1458;2022-03-08 14:17:21;20.1;48.8
1459;2022-03-08 14:22:21;20.2;49.3
1460;2022-03-08 14:27:21;20.2;48.8
1461;2022-03-08 14:32:21;20;48.3
1462;2022-03-08 14:37:21;20;47.8
1463;2022-03-08 14:42:21;19.9;47.2
1464;2022-03-08 14:47:21;19.8;47.2
1465;2022-03-08 14:52:21;19.8;46.7
1466;2022-03-08 14:57:21;19.8;46.7
1467;2022-03-08 15:02:21;19.8;46.7
1468;2022-03-08 15:07:21;19.8;46.7
1469;2022-03-08 15:12:21;19.8;46.7
1470;2022-03-08 15:17:21;19.8;46.2
1471;2022-03-08 15:22:21;19.8;46.2
1472;2022-03-08 15:27:21;19.8;46.2
1473;2022-03-08 15:32:21;19.8;45.7
1474;2022-03-08 15:37:21;19.8;46.2
1475;2022-03-08 15:42:21;19.8;46.2
1476;2022-03-08 15:47:21;19.8;45.7
1477;2022-03-08 15:52:21;19.8;45.7
1478;2022-03-08 15:57:21;19.8;46.2
1479;2022-03-08 16:02:21;19.8;45.7
1480;2022-03-08 16:07:21;19.8;45.7
1481;2022-03-08 16:12:21;19.8;45.7
1482;2022-03-08 16:17:21;19.8;45.7
1483;2022-03-08 16:22:21;19.8;45.7
1484;2022-03-08 16:27:21;19.8;45.7
1485;2022-03-08 16:32:21;19.8;45.7
1486;2022-03-08 16:37:21;19.8;45.7
1487;2022-03-08 16:42:21;19.8;45.7
1488;2022-03-08 16:47:21;19.8;45.7
1489;2022-03-08 16:52:21;19.8;45.7
1490;2022-03-08 16:57:21;19.8;46.2
1491;2022-03-08 17:02:21;19.8;45.7
1492;2022-03-08 17:07:21;19.8;45.7
1493;2022-03-08 17:12:21;19.8;46.2
1494;2022-03-08 17:17:21;19.8;46.2
1495;2022-03-08 17:22:21;19.8;45.7
1496;2022-03-08 17:27:21;19.8;45.7
1497;2022-03-08 17:32:21;19.8;45.7
1498;2022-03-08 17:37:21;19.7;45.7
1499;2022-03-08 17:42:21;19.7;45.7
1500;2022-03-08 17:47:21;19.6;45.7
1501;2022-03-08 17:52:21;19.6;45.6
1502;2022-03-08 17:57:21;19.6;45.6
1503;2022-03-08 18:02:21;19.6;45.6
1504;2022-03-08 18:07:21;19.5;45.6
1505;2022-03-08 18:12:21;19.5;45.6
1506;2022-03-08 18:17:21;19.5;45.6
1507;2022-03-08 18:22:21;19.4;45.1
1508;2022-03-08 18:27:21;19.4;45.1
1509;2022-03-08 18:32:21;19.4;45.1
1510;2022-03-08 18:37:21;19.4;45.6
1511;2022-03-08 18:42:21;19.3;45.1
1512;2022-03-08 18:47:21;19.3;45.1
1513;2022-03-08 18:52:21;19.3;45.6
1514;2022-03-08 18:57:21;19.3;45.1
1515;2022-03-08 19:02:21;19.2;45.1
1516;2022-03-08 19:07:21;19.2;45.1
1517;2022-03-08 19:12:21;19.4;47.2
1518;2022-03-08 19:17:21;19.5;47.2
1519;2022-03-08 19:22:21;19.5;46.7
1520;2022-03-08 19:27:21;19.5;46.7
1521;2022-03-08 19:32:21;19.6;47.7
1522;2022-03-08 19:37:21;19.8;47.7
1523;2022-03-08 19:42:21;19.8;47.7
1524;2022-03-08 19:47:21;19.8;47.7
1525;2022-03-08 19:52:21;19.9;47.8
1526;2022-03-08 19:57:21;20;47.8
1527;2022-03-08 20:02:21;20;47.3
1528;2022-03-08 20:07:21;20.1;47.3
1529;2022-03-08 20:12:21;20.1;47.3
1530;2022-03-08 20:17:21;20.2;47.3
1531;2022-03-08 20:22:21;20.2;47.3
1532;2022-03-08 20:27:21;20.2;47.3
1533;2022-03-08 20:32:21;20.3;47.3
1534;2022-03-08 20:37:21;20.3;47.3
1535;2022-03-08 20:42:21;20.3;47.3
1536;2022-03-08 20:47:21;20.3;47.3
1537;2022-03-08 20:52:21;20.3;47.3
1538;2022-03-08 20:57:21;20.3;47.3
1539;2022-03-08 21:02:21;20.3;47.3
1540;2022-03-08 21:07:21;20.3;47.3
1541;2022-03-08 21:12:21;20.3;47.3
1542;2022-03-08 21:17:21;20.4;47.3
1543;2022-03-08 21:22:21;20.4;47.3
1544;2022-03-08 21:27:21;20.4;47.3
1545;2022-03-08 21:32:21;20.4;47.3
1546;2022-03-08 21:37:21;20.4;47.3
1547;2022-03-08 21:42:21;20.4;47.3
1548;2022-03-08 21:47:21;20.5;46.8
1549;2022-03-08 21:52:21;20.5;46.8
1550;2022-03-08 21:57:21;20.5;46.8
1551;2022-03-08 22:02:21;20.5;46.8
1552;2022-03-08 22:07:21;20.5;46.8
1553;2022-03-08 22:12:21;20.5;46.8
1554;2022-03-08 22:17:21;20.5;46.8
1555;2022-03-08 22:22:21;20.5;46.8
1556;2022-03-08 22:27:21;20.5;46.8
1557;2022-03-08 22:32:21;20.5;46.8
1558;2022-03-08 22:37:21;20.6;46.8
1559;2022-03-08 22:42:21;20.6;46.8
1560;2022-03-08 22:47:21;20.6;46.8
1561;2022-03-08 22:52:21;20.6;46.8
1562;2022-03-08 22:57:21;20.6;46.8
1563;2022-03-08 23:02:21;20.6;46.8
1564;2022-03-08 23:07:21;20.6;46.8
1565;2022-03-08 23:12:21;20.6;46.8
1566;2022-03-08 23:17:21;20.6;46.8
1567;2022-03-08 23:22:21;20.6;46.8
1568;2022-03-08 23:27:21;20.6;46.8
1569;2022-03-08 23:32:21;20.6;46.8
1570;2022-03-08 23:37:21;20.6;46.8
1571;2022-03-08 23:42:21;20.6;46.8
1572;2022-03-08 23:47:21;20.6;46.8
1573;2022-03-08 23:52:21;20.6;46.8
1574;2022-03-08 23:57:21;20.6;46.8
1575;2022-03-09 00:02:21;20.6;46.8
1576;2022-03-09 00:07:21;20.6;46.8
1577;2022-03-09 00:12:21;20.6;46.8
1578;2022-03-09 00:17:21;20.6;46.8
1579;2022-03-09 00:22:21;20.6;46.8
1580;2022-03-09 00:27:21;20.6;46.8
1581;2022-03-09 00:32:21;20.6;46.8
1582;2022-03-09 00:37:21;20.6;46.8
1583;2022-03-09 00:42:21;20.6;46.8
1584;2022-03-09 00:47:21;20.6;46.8
1585;2022-03-09 00:52:21;20.6;46.8
1586;2022-03-09 00:57:21;20.6;46.8
1587;2022-03-09 01:02:21;20.6;46.8
1588;2022-03-09 01:07:21;20.6;46.8
1589;2022-03-09 01:12:21;20.5;46.8
1590;2022-03-09 01:17:21;20.5;46.8
1591;2022-03-09 01:22:21;20.5;46.8
1592;2022-03-09 01:27:21;20.5;46.8
1593;2022-03-09 01:32:21;20.5;46.8
1594;2022-03-09 01:37:21;20.5;46.8
1595;2022-03-09 01:42:21;20.5;46.3
1596;2022-03-09 01:47:21;20.5;46.8
1597;2022-03-09 01:52:21;20.5;46.3
1598;2022-03-09 01:57:21;20.5;46.3
1599;2022-03-09 02:02:21;20.5;46.3
1600;2022-03-09 02:07:21;20.5;46.3
1601;2022-03-09 02:12:21;20.5;46.3
1602;2022-03-09 02:17:21;20.5;46.3
1603;2022-03-09 02:22:21;20.5;46.3
1604;2022-03-09 02:27:21;20.5;46.3
1605;2022-03-09 02:32:21;20.5;46.3
1606;2022-03-09 02:37:21;20.5;46.3
1607;2022-03-09 02:42:21;20.5;46.3
1608;2022-03-09 02:47:21;20.5;45.8
1609;2022-03-09 02:52:21;20.5;45.8
1610;2022-03-09 02:57:21;20.5;45.8
1611;2022-03-09 03:02:21;20.5;45.8
1612;2022-03-09 03:07:21;20.5;45.8
1613;2022-03-09 03:12:21;20.5;45.8
1614;2022-03-09 03:17:21;20.5;45.8
1615;2022-03-09 03:22:21;20.5;45.8
1616;2022-03-09 03:27:21;20.5;45.8
1617;2022-03-09 03:32:21;20.5;45.8
1618;2022-03-09 03:37:21;20.5;45.8
1619;2022-03-09 03:42:21;20.5;45.8
1620;2022-03-09 03:47:21;20.5;45.8
1621;2022-03-09 03:52:21;20.5;45.8
1622;2022-03-09 03:57:21;20.4;45.8
1623;2022-03-09 04:02:21;20.4;45.8
1624;2022-03-09 04:07:21;20.4;45.8
1625;2022-03-09 04:12:21;20.4;45.7
1626;2022-03-09 04:17:21;20.4;45.7
1627;2022-03-09 04:22:21;20.4;45.7
1628;2022-03-09 04:27:21;20.4;45.7
1629;2022-03-09 04:32:21;20.3;45.7
1630;2022-03-09 04:37:21;20.3;45.7
1631;2022-03-09 04:42:21;20.3;45.7
1632;2022-03-09 04:47:21;20.3;45.7
1633;2022-03-09 04:52:21;20.3;45.7
1634;2022-03-09 04:57:21;20.3;45.7
1635;2022-03-09 05:02:21;20.3;45.7
1636;2022-03-09 05:07:21;20.3;45.7
1637;2022-03-09 05:12:21;20.3;45.7
1638;2022-03-09 05:17:21;20.3;45.7
1639;2022-03-09 05:22:21;20.3;45.7
1640;2022-03-09 05:27:21;20.3;45.7
1641;2022-03-09 05:32:21;20.3;45.7
1642;2022-03-09 05:37:21;20.2;45.7
1643;2022-03-09 05:42:21;20.2;45.7
1644;2022-03-09 05:47:21;20.2;45.7
1645;2022-03-09 05:52:21;20.2;45.7
1646;2022-03-09 05:57:21;20.2;45.7
1647;2022-03-09 06:02:21;20.2;45.7
1648;2022-03-09 06:07:21;20.1;45.7
1649;2022-03-09 06:12:21;20.1;45.7
1650;2022-03-09 06:17:21;20.1;45.7
1651;2022-03-09 06:22:21;20.1;45.7
1652;2022-03-09 06:27:21;20.1;45.7
1653;2022-03-09 06:32:21;20.1;45.7
1654;2022-03-09 06:37:21;20.1;45.7
1655;2022-03-09 06:42:21;20;45.7
1656;2022-03-09 06:47:21;20;45.7
1657;2022-03-09 06:52:21;20;45.7
1658;2022-03-09 06:57:21;20;45.7
1659;2022-03-09 07:02:21;20;45.7
1660;2022-03-09 07:07:21;20;45.7
1661;2022-03-09 07:12:21;20;45.7
1662;2022-03-09 07:17:21;19.9;45.7
1663;2022-03-09 07:22:21;19.9;45.7
1664;2022-03-09 07:27:21;19.9;45.7
1665;2022-03-09 07:32:21;19.9;45.7
1666;2022-03-09 07:37:21;19.9;45.7
1667;2022-03-09 07:42:21;19.9;45.7
1668;2022-03-09 07:47:21;19.9;45.7
1669;2022-03-09 07:52:21;19.8;45.7
1670;2022-03-09 07:57:21;19.8;45.7
1671;2022-03-09 08:02:21;19.8;45.7
1672;2022-03-09 08:07:21;19.8;46.2
1673;2022-03-09 08:12:21;19.8;45.7
1674;2022-03-09 08:17:21;19.8;46.2
1675;2022-03-09 08:22:21;19.8;46.2
1676;2022-03-09 08:27:21;19.8;46.2
1677;2022-03-09 08:32:21;19.8;46.2
1678;2022-03-09 08:37:21;19.8;46.2
1679;2022-03-09 08:42:21;19.8;46.2
1680;2022-03-09 08:47:21;19.8;46.2
1681;2022-03-09 08:52:21;19.8;46.2
1682;2022-03-09 08:57:21;19.8;46.7
1683;2022-03-09 09:02:21;19.8;47.2
1684;2022-03-09 09:07:21;19.8;47.2
1685;2022-03-09 09:12:21;19.8;47.7
1686;2022-03-09 09:17:21;19.9;47.8
1687;2022-03-09 09:22:21;19.9;47.8
1688;2022-03-09 09:27:21;19.9;47.8
1689;2022-03-09 09:32:21;19.9;47.8
1690;2022-03-09 09:37:21;19.9;47.8
1691;2022-03-09 09:42:21;20;47.8
1692;2022-03-09 09:47:21;20;47.8
1693;2022-03-09 09:52:21;20;47.8
1694;2022-03-09 09:57:21;20.1;47.8
1695;2022-03-09 10:02:21;20.1;47.8
1696;2022-03-09 10:07:21;20.1;47.8
1697;2022-03-09 10:12:21;20.1;48.3
1698;2022-03-09 10:17:21;20.2;48.3
1699;2022-03-09 10:22:21;20.2;48.3
1700;2022-03-09 10:27:21;20.2;48.3
1701;2022-03-09 10:32:21;20.2;48.3
1702;2022-03-09 10:37:21;20.2;48.3
1703;2022-03-09 10:42:21;20.2;48.3
1704;2022-03-09 10:47:21;20.3;48.3
1705;2022-03-09 10:52:21;20.3;48.3
1706;2022-03-09 10:57:21;20.3;48.3
1707;2022-03-09 11:02:21;20.3;48.8
1708;2022-03-09 11:07:21;20.3;48.8
1709;2022-03-09 11:12:21;20.3;48.8
1710;2022-03-09 11:17:21;20.3;48.8
1711;2022-03-09 11:22:21;20.3;48.8
1712;2022-03-09 11:27:21;20.4;48.8
1713;2022-03-09 11:32:21;20.4;48.9
1714;2022-03-09 11:37:21;20.4;48.9
1715;2022-03-09 11:42:21;20.4;48.9
1716;2022-03-09 11:47:21;20.5;48.9
1717;2022-03-09 11:52:21;20.5;48.9
1718;2022-03-09 11:57:21;20.5;48.9
1719;2022-03-09 12:02:21;20.5;48.9
1720;2022-03-09 12:07:21;20.5;48.9
1721;2022-03-09 12:12:21;20.5;48.9
1722;2022-03-09 12:17:21;20.5;48.9
1723;2022-03-09 12:22:21;20.6;48.9
1724;2022-03-09 12:27:21;20.6;49.4
1725;2022-03-09 12:32:21;20.6;49.4
1726;2022-03-09 12:37:21;20.6;49.4
1727;2022-03-09 12:42:21;20.6;48.9
1728;2022-03-09 12:47:21;20.4;48.8
1729;2022-03-09 12:52:21;20.3;48.8
1730;2022-03-09 12:57:21;20.3;48.8
1731;2022-03-09 13:02:21;20.2;48.3
1732;2022-03-09 13:07:21;20.2;48.3
1733;2022-03-09 13:12:21;20.2;48.3
1734;2022-03-09 13:17:21;20.2;48.3
1735;2022-03-09 13:22:21;20.2;47.8
1736;2022-03-09 13:27:21;20.1;47.8
1737;2022-03-09 13:32:21;20;47.8
1738;2022-03-09 13:37:21;19.9;47.8
1739;2022-03-09 13:42:21;19.9;47.8
1740;2022-03-09 13:47:21;19.9;47.8
1741;2022-03-09 13:52:21;20;48.8
1742;2022-03-09 13:57:21;20;48.3
1743;2022-03-09 14:02:21;20;48.8
1744;2022-03-09 14:07:21;20;48.3
1745;2022-03-09 14:12:21;20.1;48.3
1746;2022-03-09 14:17:21;20;48.3
1747;2022-03-09 14:22:21;20.1;48.3
1748;2022-03-09 14:27:21;20;47.8
1749;2022-03-09 14:32:21;19.9;47.8
1750;2022-03-09 14:37:21;19.8;47.8
1751;2022-03-09 14:42:21;19.8;47.2
1752;2022-03-09 14:47:21;19.8;46.7
1753;2022-03-09 14:52:21;19.8;47.2
1754;2022-03-09 14:57:21;19.8;47.2
1755;2022-03-09 15:02:21;19.8;47.2
1756;2022-03-09 15:07:21;19.8;47.2
1757;2022-03-09 15:12:21;19.8;47.2
1758;2022-03-09 15:17:21;19.8;46.7
1759;2022-03-09 15:22:21;19.8;46.7
1760;2022-03-09 15:27:21;19.8;46.7
1761;2022-03-09 15:32:21;19.8;46.7
1762;2022-03-09 15:37:21;19.8;46.7
1763;2022-03-09 15:42:21;19.8;46.7
1764;2022-03-09 15:47:21;19.8;46.7
1765;2022-03-09 15:52:21;19.8;46.2
1766;2022-03-09 15:57:21;19.8;46.2
1767;2022-03-09 16:02:21;19.8;46.2
1768;2022-03-09 16:07:21;19.8;46.2
1769;2022-03-09 16:12:21;19.9;46.7
1770;2022-03-09 16:17:21;20;46.2
1771;2022-03-09 16:22:21;20;46.2
1772;2022-03-09 16:27:21;20;46.2
1773;2022-03-09 16:32:21;20;45.7
1774;2022-03-09 16:37:21;20;45.7
1775;2022-03-09 16:42:21;20;45.7
1776;2022-03-09 16:47:21;19.9;45.7
1777;2022-03-09 16:52:21;19.9;45.7
1778;2022-03-09 16:57:21;19.9;45.7
1779;2022-03-09 17:02:21;19.9;45.7
1780;2022-03-09 17:07:21;19.9;45.2
1781;2022-03-09 17:12:21;19.9;45.2
1782;2022-03-09 17:17:21;19.9;45.2
1783;2022-03-09 17:22:21;19.8;45.2
1784;2022-03-09 17:27:21;19.8;45.2
1785;2022-03-09 17:32:21;19.8;44.6
1786;2022-03-09 17:37:21;19.7;44.6
1787;2022-03-09 17:42:21;19.6;45.1
1788;2022-03-09 17:47:21;19.6;44.6
1789;2022-03-09 17:52:21;19.6;45.1
1790;2022-03-09 17:57:21;19.7;45.7
1791;2022-03-09 18:02:21;19.6;45.1
1792;2022-03-09 18:07:21;19.8;46.7
1793;2022-03-09 18:12:21;19.8;46.7
1794;2022-03-09 18:17:21;19.8;46.7
1795;2022-03-09 18:22:21;19.8;46.7
1796;2022-03-09 18:27:21;19.8;46.7
1797;2022-03-09 18:32:21;19.8;46.7
1798;2022-03-09 18:37:21;19.8;46.7
1799;2022-03-09 18:42:21;19.9;47.2
1800;2022-03-09 18:47:21;19.9;47.8
1801;2022-03-09 18:52:21;19.9;47.8
1802;2022-03-09 18:57:21;19.9;47.8
1803;2022-03-09 19:02:21;19.9;47.8
1804;2022-03-09 19:07:21;19.9;47.2
1805;2022-03-09 19:12:21;19.8;46.7
1806;2022-03-09 19:17:21;19.8;46.7
1807;2022-03-09 19:22:21;19.8;46.7
1808;2022-03-09 19:27:21;19.8;47.2
1809;2022-03-09 19:32:21;19.8;46.7
1810;2022-03-09 19:37:21;19.8;47.7
1811;2022-03-09 19:42:21;19.8;47.7
1812;2022-03-09 19:47:21;19.8;47.8
1813;2022-03-09 19:52:21;19.8;48.3
1814;2022-03-09 19:57:21;19.9;48.3
1815;2022-03-09 20:02:21;19.9;47.8
1816;2022-03-09 20:07:21;20;48.3
1817;2022-03-09 20:12:21;20;48.3
1818;2022-03-09 20:17:21;20.1;48.3
1819;2022-03-09 20:22:21;20.1;48.3
1820;2022-03-09 20:27:21;20.1;47.8
1821;2022-03-09 20:32:21;20.2;47.8
1822;2022-03-09 20:37:21;20.2;47.8
1823;2022-03-09 20:42:21;20.3;47.8
1824;2022-03-09 20:47:21;20.3;47.8
1825;2022-03-09 20:52:21;20.3;47.8
1826;2022-03-09 20:57:21;20.3;47.8
1827;2022-03-09 21:02:21;20.3;47.8
1828;2022-03-09 21:07:21;20.3;47.8
1829;2022-03-09 21:12:21;20.3;47.8
1830;2022-03-09 21:17:21;20.4;47.8
1831;2022-03-09 21:22:21;20.4;47.8
1832;2022-03-09 21:27:21;20.4;47.8
1833;2022-03-09 21:32:21;20.4;47.8
1834;2022-03-09 21:37:21;20.4;47.8
1835;2022-03-09 21:42:21;20.4;47.8
1836;2022-03-09 21:47:21;20.4;47.8
1837;2022-03-09 21:52:21;20.5;47.8
1838;2022-03-09 21:57:21;20.5;47.8
1839;2022-03-09 22:02:21;20.5;47.8
1840;2022-03-09 22:07:21;20.5;47.8
1841;2022-03-09 22:12:21;20.5;47.8
1842;2022-03-09 22:17:21;20.5;47.8
1843;2022-03-09 22:22:21;20.5;47.8
1844;2022-03-09 22:27:21;20.5;47.8
1845;2022-03-09 22:32:21;20.5;47.8
1846;2022-03-09 22:37:21;20.5;47.8
1847;2022-03-09 22:42:21;20.5;47.8
1848;2022-03-09 22:47:21;20.6;47.8
1849;2022-03-09 22:52:21;20.6;47.8
1850;2022-03-09 22:57:21;20.6;47.8
1851;2022-03-09 23:02:21;20.6;47.8
1852;2022-03-09 23:07:21;20.6;47.8
1853;2022-03-09 23:12:21;20.6;47.8
1854;2022-03-09 23:17:21;20.6;47.3
1855;2022-03-09 23:22:21;20.6;47.3
1856;2022-03-09 23:27:21;20.6;47.8
1857;2022-03-09 23:32:21;20.6;47.3
1858;2022-03-09 23:37:21;20.6;47.3
1859;2022-03-09 23:42:21;20.6;47.3
1860;2022-03-09 23:47:21;20.6;47.3
1861;2022-03-09 23:52:21;20.6;47.3
1862;2022-03-09 23:57:21;20.6;47.3
1863;2022-03-10 00:02:21;20.6;47.3
1864;2022-03-10 00:07:21;20.6;47.3
1865;2022-03-10 00:12:21;20.6;47.3
1866;2022-03-10 00:17:21;20.6;47.3
1867;2022-03-10 00:22:21;20.6;47.3
1868;2022-03-10 00:27:21;20.6;47.3
1869;2022-03-10 00:32:21;20.6;47.3
1870;2022-03-10 00:37:21;20.6;47.3
1871;2022-03-10 00:42:21;20.6;47.3
1872;2022-03-10 00:47:21;20.6;47.3
1873;2022-03-10 00:52:21;20.6;47.3
1874;2022-03-10 00:57:21;20.6;47.3
1875;2022-03-10 01:02:21;20.6;47.3
1876;2022-03-10 01:07:21;20.6;47.3
1877;2022-03-10 01:12:21;20.6;46.8
1878;2022-03-10 01:17:21;20.6;46.8
1879;2022-03-10 01:22:21;20.6;46.8
1880;2022-03-10 01:27:21;20.6;46.8
1881;2022-03-10 01:32:21;20.6;46.8
1882;2022-03-10 01:37:21;20.6;46.8
1883;2022-03-10 01:42:21;20.6;46.8
1884;2022-03-10 01:47:21;20.6;46.8
1885;2022-03-10 01:52:21;20.6;46.8
1886;2022-03-10 01:57:21;20.6;46.8
1887;2022-03-10 02:02:21;20.6;46.8
1888;2022-03-10 02:07:21;20.6;46.8
1889;2022-03-10 02:12:21;20.6;46.8
1890;2022-03-10 02:17:21;20.5;46.8
1891;2022-03-10 02:22:21;20.5;46.8
1892;2022-03-10 02:27:21;20.5;46.8
1893;2022-03-10 02:32:21;20.5;46.8
1894;2022-03-10 02:37:21;20.5;46.8
1895;2022-03-10 02:42:21;20.5;46.8
1896;2022-03-10 02:47:21;20.5;46.8
1897;2022-03-10 02:52:21;20.5;46.8
1898;2022-03-10 02:57:21;20.5;46.8
1899;2022-03-10 03:02:21;20.5;46.8
1900;2022-03-10 03:07:21;20.5;46.8
1901;2022-03-10 03:12:21;20.5;46.8
1902;2022-03-10 03:17:21;20.5;46.8
1903;2022-03-10 03:22:21;20.5;46.8
1904;2022-03-10 03:27:21;20.5;46.8
1905;2022-03-10 03:32:21;20.5;46.8
1906;2022-03-10 03:37:21;20.5;46.8
1907;2022-03-10 03:42:21;20.5;46.8
1908;2022-03-10 03:47:21;20.5;46.8
1909;2022-03-10 03:52:21;20.5;46.8
1910;2022-03-10 03:57:21;20.5;46.8
1911;2022-03-10 04:02:21;20.5;46.8
1912;2022-03-10 04:07:21;20.4;46.8
1913;2022-03-10 04:12:21;20.4;46.8
1914;2022-03-10 04:17:21;20.4;46.8
1915;2022-03-10 04:22:21;20.4;46.8
1916;2022-03-10 04:27:21;20.5;46.8
1917;2022-03-10 04:32:21;20.5;46.8
1918;2022-03-10 04:37:21;20.5;46.8
1919;2022-03-10 04:42:21;20.5;46.8
1920;2022-03-10 04:47:21;20.5;46.8
1921;2022-03-10 04:52:21;20.5;46.8
1922;2022-03-10 04:57:21;20.5;46.8
1923;2022-03-10 05:02:21;20.5;46.3
1924;2022-03-10 05:07:21;20.5;46.8
1925;2022-03-10 05:12:21;20.5;46.8
1926;2022-03-10 05:17:21;20.5;46.3
1927;2022-03-10 05:22:21;20.4;46.3
1928;2022-03-10 05:27:21;20.4;46.3
1929;2022-03-10 05:32:21;20.4;46.3
1930;2022-03-10 05:37:21;20.4;46.3
1931;2022-03-10 05:42:21;20.4;46.3
1932;2022-03-10 05:47:21;20.4;46.8
1933;2022-03-10 05:52:21;20.4;46.3
1934;2022-03-10 05:57:21;20.4;46.3
1935;2022-03-10 06:02:21;20.4;46.3
1936;2022-03-10 06:07:21;20.3;46.8
1937;2022-03-10 06:12:21;20.3;46.3
1938;2022-03-10 06:17:21;20.3;46.3
1939;2022-03-10 06:22:21;20.3;46.8
1940;2022-03-10 06:27:21;20.3;46.3
1941;2022-03-10 06:32:21;20.3;46.8
1942;2022-03-10 06:37:21;20.3;46.3
1943;2022-03-10 06:42:21;20.3;46.8
1944;2022-03-10 06:47:21;20.3;46.8
1945;2022-03-10 06:52:21;20.3;46.8
1946;2022-03-10 06:57:21;20.3;46.8
1947;2022-03-10 07:02:21;20.3;46.8
1948;2022-03-10 07:07:21;20.3;46.8
1949;2022-03-10 07:12:21;20.3;46.8
1950;2022-03-10 07:17:21;20.3;46.8
1951;2022-03-10 07:22:21;20.2;46.8
1952;2022-03-10 07:27:21;20.2;46.8
1953;2022-03-10 07:32:21;20.2;46.8
1954;2022-03-10 07:37:21;20.2;46.8
1955;2022-03-10 07:42:21;20.2;46.8
1956;2022-03-10 07:47:21;20.2;46.8
1957;2022-03-10 07:52:21;20.2;46.8
1958;2022-03-10 07:57:21;20.2;46.8
1959;2022-03-10 08:02:21;20.2;46.8
1960;2022-03-10 08:07:21;20.2;46.8
1961;2022-03-10 08:12:21;20.1;46.8
1962;2022-03-10 08:17:21;20.1;46.8
1963;2022-03-10 08:22:21;20.1;46.8
1964;2022-03-10 08:27:21;20.1;46.8
1965;2022-03-10 08:32:21;20.1;46.8
1966;2022-03-10 08:37:21;20.1;46.7
1967;2022-03-10 08:42:21;20.1;46.7
1968;2022-03-10 08:47:21;20.1;46.8
1969;2022-03-10 08:52:21;20.2;47.8
1970;2022-03-10 08:57:21;20.2;48.3
1971;2022-03-10 09:02:21;20.2;48.3
1972;2022-03-10 09:07:21;20.2;48.3
1973;2022-03-10 09:12:21;20.2;48.3
1974;2022-03-10 09:17:21;20.2;48.3
1975;2022-03-10 09:22:21;20.2;48.3
1976;2022-03-10 09:27:21;20.3;48.3
1977;2022-03-10 09:32:21;20.3;48.3
1978;2022-03-10 09:37:21;20.3;48.3
1979;2022-03-10 09:42:21;20.3;48.8
1980;2022-03-10 09:47:21;20.3;48.3
1981;2022-03-10 09:52:21;20.3;48.3
1982;2022-03-10 09:57:21;20.3;48.3
1983;2022-03-10 10:02:21;20.3;48.8
1984;2022-03-10 10:07:21;20.3;48.8
1985;2022-03-10 10:12:21;20.3;48.8
1986;2022-03-10 10:17:21;20.3;48.8
1987;2022-03-10 10:22:21;20.3;48.8
1988;2022-03-10 10:27:21;20.4;48.8
1989;2022-03-10 10:32:21;20.4;48.8
1990;2022-03-10 10:37:21;20.4;48.8
1991;2022-03-10 10:42:21;20.4;48.9
1992;2022-03-10 10:47:21;20.4;48.8
1993;2022-03-10 10:52:21;20.4;48.9
1994;2022-03-10 10:57:21;20.4;48.9
1995;2022-03-10 11:02:21;20.5;48.9
1996;2022-03-10 11:07:21;20.5;48.9
1997;2022-03-10 11:12:21;20.5;48.9
1998;2022-03-10 11:17:21;20.5;48.9
1999;2022-03-10 11:22:21;20.5;48.9
2000;2022-03-10 11:27:21;20.5;48.9
2001;2022-03-10 11:32:21;20.5;48.9
2002;2022-03-10 11:37:21;20.6;48.9
2003;2022-03-10 11:42:21;20.6;48.9
2004;2022-03-10 11:47:21;20.6;49.4
2005;2022-03-10 11:52:21;20.6;49.4
2006;2022-03-10 11:57:21;20.6;49.4
2007;2022-03-10 12:02:21;20.6;49.4
2008;2022-03-10 12:07:21;20.6;49.4
2009;2022-03-10 12:12:21;20.6;49.9
2010;2022-03-10 12:17:21;20.6;49.4
2011;2022-03-10 12:22:21;20.5;48.9
2012;2022-03-10 12:27:21;20.4;48.8
2013;2022-03-10 12:32:21;20.3;48.8
2014;2022-03-10 12:37:21;20.3;48.8
2015;2022-03-10 12:42:21;20.3;48.8
2016;2022-03-10 12:47:21;20.3;48.8
2017;2022-03-10 12:52:21;20.3;48.8
2018;2022-03-10 12:57:21;20.3;48.3
2019;2022-03-10 13:02:21;20.2;48.3
2020;2022-03-10 13:07:21;20.2;48.3
2021;2022-03-10 13:12:21;20.1;48.3
2022;2022-03-10 13:17:21;20.2;48.8
2023;2022-03-10 13:22:21;20.2;48.8
2024;2022-03-10 13:27:21;20.2;48.3
2025;2022-03-10 13:32:21;20.1;48.3
2026;2022-03-10 13:37:21;20.1;47.8
2027;2022-03-10 13:42:21;20;47.8
2028;2022-03-10 13:47:21;20;47.8
2029;2022-03-10 13:52:21;20;47.3
2030;2022-03-10 13:57:21;19.9;47.2
2031;2022-03-10 14:02:21;19.9;47.2
2032;2022-03-10 14:07:21;19.9;46.7
2033;2022-03-10 14:12:21;19.9;47.2
2034;2022-03-10 14:17:21;20;47.3
2035;2022-03-10 14:22:21;20;46.7
2036;2022-03-10 14:27:21;20;46.7
2037;2022-03-10 14:32:21;19.9;46.7
2038;2022-03-10 14:37:21;19.9;46.7
2039;2022-03-10 14:42:21;19.9;46.7
2040;2022-03-10 14:47:21;19.9;46.2
2041;2022-03-10 14:52:21;19.9;46.2
2042;2022-03-10 14:57:21;19.9;46.2
2043;2022-03-10 15:02:21;19.9;46.2
2044;2022-03-10 15:07:21;19.9;46.2
2045;2022-03-10 15:12:21;19.9;46.2
2046;2022-03-10 15:17:21;19.9;45.7
2047;2022-03-10 15:22:21;19.9;45.7
2048;2022-03-10 15:27:21;19.9;45.7
2049;2022-03-10 15:32:21;19.9;45.7
2050;2022-03-10 15:37:21;19.9;45.7
2051;2022-03-10 15:42:21;19.9;45.7
2052;2022-03-10 15:47:21;19.9;45.7
2053;2022-03-10 15:52:21;19.9;45.7
2054;2022-03-10 15:57:21;19.9;45.7
2055;2022-03-10 16:02:21;19.9;45.7
2056;2022-03-10 16:07:21;20.6;45.8
2057;2022-03-10 16:12:21;21;44.8
2058;2022-03-10 16:17:21;21.2;44.3
2059;2022-03-10 16:22:21;21.6;44.3
2060;2022-03-10 16:27:21;21.9;44.9
2061;2022-03-10 16:32:21;23;45.5
2062;2022-03-10 16:37:21;24.4;46.2
2063;2022-03-10 16:42:21;26.4;41.1
2064;2022-03-10 16:47:21;27.3;39.5
2065;2022-03-10 16:52:21;28.1;37.9
2066;2022-03-10 16:57:21;28.7;38
2067;2022-03-10 17:02:21;27.1;36.8
2068;2022-03-10 17:07:21;25.1;38.8
2069;2022-03-10 17:12:21;24.5;39.3
2070;2022-03-10 17:17:21;24;39.8
2071;2022-03-10 17:22:21;24;39.8
2072;2022-03-10 17:27:21;24;39.8
2073;2022-03-10 17:32:21;23.9;39.8
2074;2022-03-10 17:37:21;23.7;40.3
2075;2022-03-10 17:42:21;24;40.8
2076;2022-03-10 17:47:21;24;40.9
2077;2022-03-10 17:52:21;24;41.4
2078;2022-03-10 17:57:21;24;41.4
2079;2022-03-10 18:02:21;24;41.9
2080;2022-03-10 18:07:21;23.9;41.9
2081;2022-03-10 18:12:21;23.9;41.9
2082;2022-03-10 18:17:21;23.8;41.9
2083;2022-03-10 18:22:21;23.8;41.9
2084;2022-03-10 18:27:21;23.8;41.9
2085;2022-03-10 18:32:21;23.7;41.9
2086;2022-03-10 18:37:21;23.6;41.9
2087;2022-03-10 18:42:21;23.5;41.9
2088;2022-03-10 18:47:21;23.5;41.9
2089;2022-03-10 18:52:21;23.5;42.4
2090;2022-03-10 18:57:21;23.4;42.4
2091;2022-03-10 19:02:21;23.4;42.4
2092;2022-03-10 19:07:21;23.4;42.9
2093;2022-03-10 19:12:21;23.4;42.9
2094;2022-03-10 19:17:21;23.4;42.9
2095;2022-03-10 19:22:21;23.3;42.4
2096;2022-03-10 19:27:21;23.3;42.9
2097;2022-03-10 19:32:21;23.2;42.9
2098;2022-03-10 19:37:21;23.4;42.9
2099;2022-03-10 19:42:21;23.5;42.9
2100;2022-03-10 19:47:21;23.5;42.9
2101;2022-03-10 19:52:21;23.5;42.9
2102;2022-03-10 19:57:21;23.5;42.9
2103;2022-03-10 20:02:21;23.5;42.9
2104;2022-03-10 20:07:21;23.5;42.9
2105;2022-03-10 20:12:21;23.6;42.9
2106;2022-03-10 20:17:21;23.7;43
2107;2022-03-10 20:22:21;23.8;43
2108;2022-03-10 20:27:21;23.9;43
2109;2022-03-10 20:32:21;24;43
2110;2022-03-10 20:37:21;24;43
2111;2022-03-10 20:42:21;24.1;43
2112;2022-03-10 20:47:21;24.2;43
2113;2022-03-10 20:52:21;24.3;43
2114;2022-03-10 20:57:21;24.4;43
2115;2022-03-10 21:02:21;24.4;43
2116;2022-03-10 21:07:21;24.4;43
2117;2022-03-10 21:12:21;24.5;43
2118;2022-03-10 21:17:21;24.6;43.6
2119;2022-03-10 21:22:21;24.6;43.6
2120;2022-03-10 21:27:21;24.7;43.6
2121;2022-03-10 21:32:21;24.7;43.6
2122;2022-03-10 21:37:21;24.7;43.6
2123;2022-03-10 21:42:21;24.8;44.1
2124;2022-03-10 21:47:21;24.8;44.1
2125;2022-03-10 21:52:21;24.9;44.2
2126;2022-03-10 21:57:21;24.9;44.2
2127;2022-03-10 22:02:21;24.9;44.2
2128;2022-03-10 22:07:21;25;44.2
2129;2022-03-10 22:12:21;25;44.2
